1.000000
1.000000
1.000000
1.000000
1.000000
1.000000
1.000000
1.000000
1.000000
1.000000
1.000000
1.000000
1.000000
1.000000
1.000000
1.000000
1.000000
1.000000
1.000000
1.000000
1.000000
1.000000
1.000000
1.000000
1.000000
1.000000
1.000000
1.000000
1.000000
1.000000
1.000000
1.000000
1.000000
1.000000
1.000000
1.000000
1.000000
1.000000
1.000000
1.000000
1.000000
1.000000
1.000000
1.000000
1.000000
1.000000
1.000000
1.000000
1.000000
1.000000
1.000000
1.000000
1.000000
1.000000
1.000000
1.000000
1.000000
1.000000
1.000000
1.000000
1.000000
1.000000
1.000000
1.000000
0.980770
0.831338
0.555242
0.194548
-0.195788
-0.556293
-0.832040
-0.981016
0.980770
0.831338
0.555242
0.194548
-0.195788
-0.556293
-0.832040
-0.981016
0.980770
0.831338
0.555242
0.194548
-0.195788
-0.556293
-0.832040
-0.981016
0.980770
0.831338
0.555242
0.194548
-0.195788
-0.556293
-0.832040
-0.981016
0.980770
0.831338
0.555242
0.194548
-0.195788
-0.556293
-0.832040
-0.981016
0.980770
0.831338
0.555242
0.194548
-0.195788
-0.556293
-0.832040
-0.981016
0.980770
0.831338
0.555242
0.194548
-0.195788
-0.556293
-0.832040
-0.981016
0.980770
0.831338
0.555242
0.194548
-0.195788
-0.556293
-0.832040
-0.981016
0.923819
0.382245
-0.383413
-0.924302
-0.923334
-0.381077
0.384581
0.924784
0.923819
0.382245
-0.383413
-0.924302
-0.923334
-0.381077
0.384581
0.924784
0.923819
0.382245
-0.383413
-0.924302
-0.923334
-0.381077
0.384581
0.924784
0.923819
0.382245
-0.383413
-0.924302
-0.923334
-0.381077
0.384581
0.924784
0.923819
0.382245
-0.383413
-0.924302
-0.923334
-0.381077
0.384581
0.924784
0.923819
0.382245
-0.383413
-0.924302
-0.923334
-0.381077
0.384581
0.924784
0.923819
0.382245
-0.383413
-0.924302
-0.923334
-0.381077
0.384581
0.924784
0.923819
0.382245
-0.383413
-0.924302
-0.923334
-0.381077
0.384581
0.924784
0.831338
-0.195788
-0.981016
-0.554190
0.557343
0.980273
0.192066
-0.833440
0.831338
-0.195788
-0.981016
-0.554190
0.557343
0.980273
0.192066
-0.833440
0.831338
-0.195788
-0.981016
-0.554190
0.557343
0.980273
0.192066
-0.833440
0.831338
-0.195788
-0.981016
-0.554190
0.557343
0.980273
0.192066
-0.833440
0.831338
-0.195788
-0.981016
-0.554190
0.557343
0.980273
0.192066
-0.833440
0.831338
-0.195788
-0.981016
-0.554190
0.557343
0.980273
0.192066
-0.833440
0.831338
-0.195788
-0.981016
-0.554190
0.557343
0.980273
0.192066
-0.833440
0.831338
-0.195788
-0.981016
-0.554190
0.557343
0.980273
0.192066
-0.833440
0.706883
-0.707777
-0.705988
0.708670
0.705092
-0.709561
-0.704195
0.710452
0.706883
-0.707777
-0.705988
0.708670
0.705092
-0.709561
-0.704195
0.710452
0.706883
-0.707777
-0.705988
0.708670
0.705092
-0.709561
-0.704195
0.710452
0.706883
-0.707777
-0.705988
0.708670
0.705092
-0.709561
-0.704195
0.710452
0.706883
-0.707777
-0.705988
0.708670
0.705092
-0.709561
-0.704195
0.710452
0.706883
-0.707777
-0.705988
0.708670
0.705092
-0.709561
-0.704195
0.710452
0.706883
-0.707777
-0.705988
0.708670
0.705092
-0.709561
-0.704195
0.710452
0.706883
-0.707777
-0.705988
0.708670
0.705092
-0.709561
-0.704195
0.710452
0.555242
-0.981016
0.197028
0.829930
-0.833440
-0.190825
0.979770
-0.560489
0.555242
-0.981016
0.197028
0.829930
-0.833440
-0.190825
0.979770
-0.560489
0.555242
-0.981016
0.197028
0.829930
-0.833440
-0.190825
0.979770
-0.560489
0.555242
-0.981016
0.197028
0.829930
-0.833440
-0.190825
0.979770
-0.560489
0.555242
-0.981016
0.197028
0.829930
-0.833440
-0.190825
0.979770
-0.560489
0.555242
-0.981016
0.197028
0.829930
-0.833440
-0.190825
0.979770
-0.560489
0.555242
-0.981016
0.197028
0.829930
-0.833440
-0.190825
0.979770
-0.560489
0.555242
-0.981016
0.197028
0.829930
-0.833440
-0.190825
0.979770
-0.560489
0.382245
-0.923334
0.924784
-0.385748
-0.378737
0.921871
-0.926221
0.389245
0.382245
-0.923334
0.924784
-0.385748
-0.378737
0.921871
-0.926221
0.389245
0.382245
-0.923334
0.924784
-0.385748
-0.378737
0.921871
-0.926221
0.389245
0.382245
-0.923334
0.924784
-0.385748
-0.378737
0.921871
-0.926221
0.389245
0.382245
-0.923334
0.924784
-0.385748
-0.378737
0.921871
-0.926221
0.389245
0.382245
-0.923334
0.924784
-0.385748
-0.378737
0.921871
-0.926221
0.389245
0.382245
-0.923334
0.924784
-0.385748
-0.378737
0.921871
-0.926221
0.389245
0.382245
-0.923334
0.924784
-0.385748
-0.378737
0.921871
-0.926221
0.389245
0.194548
-0.554190
0.829930
-0.980022
0.981744
-0.834835
0.561536
-0.203222
0.194548
-0.554190
0.829930
-0.980022
0.981744
-0.834835
0.561536
-0.203222
0.194548
-0.554190
0.829930
-0.980022
0.981744
-0.834835
0.561536
-0.203222
0.194548
-0.554190
0.829930
-0.980022
0.981744
-0.834835
0.561536
-0.203222
0.194548
-0.554190
0.829930
-0.980022
0.981744
-0.834835
0.561536
-0.203222
0.194548
-0.554190
0.829930
-0.980022
0.981744
-0.834835
0.561536
-0.203222
0.194548
-0.554190
0.829930
-0.980022
0.981744
-0.834835
0.561536
-0.203222
0.194548
-0.554190
0.829930
-0.980022
0.981744
-0.834835
0.561536
-0.203222
0.980770
0.980770
0.980770
0.980770
0.980770
0.980770
0.980770
0.980770
0.831338
0.831338
0.831338
0.831338
0.831338
0.831338
0.831338
0.831338
0.555242
0.555242
0.555242
0.555242
0.555242
0.555242
0.555242
0.555242
0.194548
0.194548
0.194548
0.194548
0.194548
0.194548
0.194548
0.194548
-0.195788
-0.195788
-0.195788
-0.195788
-0.195788
-0.195788
-0.195788
-0.195788
-0.556293
-0.556293
-0.556293
-0.556293
-0.556293
-0.556293
-0.556293
-0.556293
-0.832040
-0.832040
-0.832040
-0.832040
-0.832040
-0.832040
-0.832040
-0.832040
-0.981016
-0.981016
-0.981016
-0.981016
-0.981016
-0.981016
-0.981016
-0.981016
0.961910
0.815351
0.544564
0.190807
-0.192023
-0.545595
-0.816040
-0.962151
0.815351
0.691123
0.461593
0.161735
-0.162766
-0.462467
-0.691706
-0.815556
0.544564
0.461593
0.308293
0.108021
-0.108710
-0.308877
-0.461983
-0.544701
0.190807
0.161735
0.108021
0.037849
-0.038090
-0.108225
-0.161871
-0.190854
-0.192023
-0.162766
-0.108710
-0.038090
0.038333
0.108915
0.162903
0.192071
-0.545595
-0.462467
-0.308877
-0.108225
0.108915
0.309462
0.462858
0.545732
-0.816040
-0.691706
-0.461983
-0.161871
0.162903
0.462858
0.692290
0.816244
-0.962151
-0.815556
-0.544701
-0.190854
0.192071
0.545732
0.816244
0.962392
0.906054
0.374895
-0.376040
-0.906528
-0.905578
-0.373748
0.377185
0.907001
0.768006
0.317775
-0.318746
-0.768408
-0.767603
-0.316803
0.319717
0.768808
0.512943
0.212239
-0.212887
-0.513211
-0.512674
-0.211590
0.213535
0.513479
0.179727
0.074365
-0.074592
-0.179821
-0.179633
-0.074138
0.074819
0.179915
-0.180873
-0.074839
0.075068
0.180967
0.180778
0.074610
-0.075296
-0.181062
-0.513914
-0.212640
0.213290
0.514183
0.513644
0.211990
-0.213940
-0.514451
-0.768654
-0.318043
0.319015
0.769056
0.768251
0.317071
-0.319987
-0.769457
-0.906281
-0.374989
0.376135
0.906755
0.905806
0.373842
-0.377280
-0.907228
0.815351
-0.192023
-0.962151
-0.543532
0.546625
0.961422
0.188373
-0.817413
0.691123
-0.162766
-0.815556
-0.460719
0.463340
0.814938
0.159672
-0.692870
0.461593
-0.108710
-0.544701
-0.307709
0.309460
0.544288
0.106643
-0.462761
0.161735
-0.038090
-0.190854
-0.107816
0.108430
0.190710
0.037366
-0.162144
-0.162766
0.038333
0.192071
0.108504
-0.109121
-0.191926
-0.037604
0.163177
-0.462467
0.108915
0.545732
0.308292
-0.310046
-0.545319
-0.106845
0.463637
-0.691706
0.162903
0.816244
0.461108
-0.463732
-0.815626
-0.159807
0.693456
-0.815556
0.192071
0.962392
0.543669
-0.546763
-0.961663
-0.188420
0.817618
0.693290
-0.694166
-0.692412
0.695042
0.691533
-0.695916
-0.690653
0.696790
0.587659
-0.588402
-0.586915
0.589144
0.586170
-0.589885
-0.585424
0.590625
0.392491
-0.392987
-0.391994
0.393483
0.391497
-0.393978
-0.390998
0.394472
0.137523
-0.137696
-0.137348
0.137870
0.137174
-0.138044
-0.137000
0.138217
-0.138399
0.138574
0.138224
-0.138749
-0.138048
0.138924
0.137873
-0.139098
-0.393234
0.393731
0.392736
-0.394228
-0.392238
0.394724
0.391739
-0.395219
-0.588155
0.588899
0.587410
-0.589642
-0.586665
0.590383
0.585918
-0.591124
-0.693464
0.694341
0.692586
-0.695216
-0.691707
0.696091
0.690826
-0.696964
0.544564
-0.962151
0.193239
0.813970
-0.817413
-0.187156
0.960929
-0.549711
0.461593
-0.815556
0.163797
0.689952
-0.692870
-0.158640
0.814520
-0.465956
0.308293
-0.544701
0.109398
0.460812
-0.462761
-0.105954
0.544009
-0.311207
0.108021
-0.190854
0.038331
0.161461
-0.162144
-0.037125
0.190612
-0.109042
-0.108710
0.192071
-0.038576
-0.162490
0.163177
0.037361
-0.191827
0.109737
-0.308877
0.545732
-0.109605
-0.461684
0.463637
0.106155
-0.545039
0.311796
-0.461983
0.816244
-0.163935
-0.690535
0.693456
0.158774
-0.815208
0.466349
-0.544701
0.962392
-0.193287
-0.814174
0.817618
0.187203
-0.961170
0.549848
0.374895
-0.905578
0.907001
-0.378330
-0.371454
0.904143
-0.908410
0.381760
0.317775
-0.767603
0.768808
-0.320687
-0.314859
0.766386
-0.770003
0.323594
0.212239
-0.512674
0.513479
-0.214183
-0.210291
0.511861
-0.514276
0.216125
0.074365
-0.179633
0.179915
-0.075046
-0.073682
0.179348
-0.180194
0.075727
-0.074839
0.180778
-0.181062
0.075525
0.074152
-0.180491
0.181343
-0.076209
-0.212640
0.513644
-0.514451
0.214589
0.210689
-0.512830
0.515250
-0.216534
-0.318043
0.768251
-0.769457
0.320958
0.315124
-0.767033
0.770653
-0.323867
-0.374989
0.905806
-0.907228
0.378425
0.371547
-0.904370
0.908637
-0.381856
0.190807
-0.543532
0.813970
-0.961176
0.962865
-0.818781
0.550737
-0.199314
0.161735
-0.460719
0.689952
-0.814730
0.816161
-0.694030
0.466826
-0.168946
0.108021
-0.307709
0.460812
-0.544149
0.545105
-0.463535
0.311788
-0.112837
0.037849
-0.107816
0.161461
-0.190661
0.190996
-0.162415
0.109245
-0.039536
-0.038090
0.108504
-0.162490
0.191877
-0.192214
0.163451
-0.109942
0.039788
-0.108225
0.308292
-0.461684
0.545179
-0.546137
0.464413
-0.312378
0.113051
-0.161871
0.461108
-0.690535
0.815418
-0.816851
0.694616
-0.467220
0.169089
-0.190854
0.543669
-0.814174
0.961418
-0.963107
0.818986
-0.550875
0.199364
0.923819
0.923819
0.923819
0.923819
0.923819
0.923819
0.923819
0.923819
0.382245
0.382245
0.382245
0.382245
0.382245
0.382245
0.382245
0.382245
-0.383413
-0.383413
-0.383413
-0.383413
-0.383413
-0.383413
-0.383413
-0.383413
-0.924302
-0.924302
-0.924302
-0.924302
-0.924302
-0.924302
-0.924302
-0.924302
-0.923334
-0.923334
-0.923334
-0.923334
-0.923334
-0.923334
-0.923334
-0.923334
-0.381077
-0.381077
-0.381077
-0.381077
-0.381077
-0.381077
-0.381077
-0.381077
0.384581
0.384581
0.384581
0.384581
0.384581
0.384581
0.384581
0.384581
0.924784
0.924784
0.924784
0.924784
0.924784
0.924784
0.924784
0.924784
0.906054
0.768006
0.512943
0.179727
-0.180873
-0.513914
-0.768654
-0.906281
0.374895
0.317775
0.212239
0.074365
-0.074839
-0.212640
-0.318043
-0.374989
-0.376040
-0.318746
-0.212887
-0.074592
0.075068
0.213290
0.319015
0.376135
-0.906528
-0.768408
-0.513211
-0.179821
0.180967
0.514183
0.769056
0.906755
-0.905578
-0.767603
-0.512674
-0.179633
0.180778
0.513644
0.768251
0.905806
-0.373748
-0.316803
-0.211590
-0.074138
0.074610
0.211990
0.317071
0.373842
0.377185
0.319717
0.213535
0.074819
-0.075296
-0.213940
-0.319987
-0.377280
0.907001
0.768808
0.513479
0.179915
-0.181062
-0.514451
-0.769457
-0.907228
0.853442
0.353125
-0.354205
-0.853888
-0.852994
-0.352046
0.355283
0.854333
0.353125
0.146111
-0.146558
-0.353310
-0.352940
-0.145665
0.147004
0.353494
-0.354205
-0.146558
0.147006
0.354390
0.354019
0.146110
-0.147454
-0.354575
-0.853888
-0.353310
0.354390
0.854335
0.853440
0.352230
-0.355469
-0.854780
-0.852994
-0.352940
0.354019
0.853440
0.852546
0.351861
-0.355097
-0.853885
-0.352046
-0.145665
0.146110
0.352230
0.351861
0.145219
-0.146555
-0.352414
0.355283
0.147004
-0.147454
-0.355469
-0.355097
-0.146555
0.147903
0.355654
0.854333
0.353494
-0.354575
-0.854780
-0.853885
-0.352414
0.355654
0.855226
0.768006
-0.180873
-0.906281
-0.511971
0.514884
0.905595
0.177435
-0.769948
0.317775
-0.074839
-0.374989
-0.211836
0.213042
0.374705
0.073416
-0.318579
-0.318746
0.075068
0.376135
0.212484
-0.213693
-0.375850
-0.073641
0.319552
-0.768408
0.180967
0.906755
0.512239
-0.515154
-0.906069
-0.177527
0.770351
-0.767603
0.180778
0.905806
0.511702
-0.514614
-0.905120
-0.177342
0.769544
-0.316803
0.074610
0.373842
0.211189
-0.212390
-0.373559
-0.073192
0.317605
0.319717
-0.075296
-0.377280
-0.213131
0.214344
0.376994
0.073865
-0.320525
0.768808
-0.181062
-0.907228
-0.512506
0.515422
0.906541
0.177620
-0.770752
0.653032
-0.653858
-0.652205
0.654683
0.651377
-0.655506
-0.650549
0.656329
0.270203
-0.270544
-0.269861
0.270886
0.269518
-0.271226
-0.269175
0.271567
-0.271029
0.271371
0.270685
-0.271714
-0.270342
0.272055
0.269998
-0.272397
-0.653374
0.654200
0.652547
-0.655025
-0.651718
0.655849
0.650889
-0.656672
-0.652689
0.653515
0.651863
-0.654339
-0.651036
0.655162
0.650207
-0.655984
-0.269377
0.269717
0.269036
-0.270057
-0.268694
0.270397
0.268352
-0.270737
0.271854
-0.272198
-0.271510
0.272541
0.271165
-0.272884
-0.270820
0.273226
0.653714
-0.654541
-0.652887
0.655367
0.652058
-0.656191
-0.651228
0.657015
0.512943
-0.906281
0.182018
0.766705
-0.769948
-0.176288
0.905130
-0.517790
0.212239
-0.374989
0.075313
0.317237
-0.318579
-0.072942
0.374513
-0.214244
-0.212887
0.376135
-0.075543
-0.318206
0.319552
0.073165
-0.375657
0.214899
-0.513211
0.906755
-0.182113
-0.767106
0.770351
0.176380
-0.905604
0.518061
-0.512674
0.905806
-0.181922
-0.766303
0.769544
0.176196
-0.904655
0.517519
-0.211590
0.373842
-0.075083
-0.316267
0.317605
0.072719
-0.373367
0.213589
0.213535
-0.377280
0.075773
0.319175
-0.320525
-0.073388
0.376801
-0.215553
0.513479
-0.907228
0.182208
0.767506
-0.770752
-0.176472
0.906076
-0.518331
0.353125
-0.852994
0.854333
-0.356361
-0.349885
0.851642
-0.855660
0.359592
0.146111
-0.352940
0.353494
-0.147450
-0.144771
0.352381
-0.354044
0.148787
-0.146558
0.354019
-0.354575
0.147901
0.145213
-0.353458
0.355126
-0.149242
-0.353310
0.853440
-0.854780
0.356548
0.350068
-0.852087
0.856108
-0.359780
-0.352940
0.852546
-0.853885
0.356174
0.349701
-0.851195
0.855211
-0.359403
-0.145665
0.351861
-0.352414
0.146999
0.144328
-0.351303
0.352961
-0.148332
0.147004
-0.355097
0.355654
-0.148351
-0.145655
0.354534
-0.356207
0.149696
0.353494
-0.853885
0.855226
-0.356734
-0.350250
0.852532
-0.856555
0.359968
0.179727
-0.511971
0.766705
-0.905363
0.906954
-0.771236
0.518757
-0.187741
0.074365
-0.211836
0.317237
-0.374609
0.375267
-0.319112
0.214644
-0.077681
-0.074592
0.212484
-0.318206
0.375754
-0.376414
0.320087
-0.215300
0.077918
-0.179821
0.512239
-0.767106
0.905837
-0.907429
0.771640
-0.519029
0.187839
-0.179633
0.511702
-0.766303
0.904888
-0.906478
0.770832
-0.518485
0.187642
-0.074138
0.211189
-0.316267
0.373464
-0.374120
0.318136
-0.213988
0.077443
0.074819
-0.213131
0.319175
-0.376898
0.377560
-0.321062
0.215956
-0.078155
0.179915
-0.512506
0.767506
-0.906309
0.907902
-0.772042
0.519299
-0.187937
0.831338
0.831338
0.831338
0.831338
0.831338
0.831338
0.831338
0.831338
-0.195788
-0.195788
-0.195788
-0.195788
-0.195788
-0.195788
-0.195788
-0.195788
-0.981016
-0.981016
-0.981016
-0.981016
-0.981016
-0.981016
-0.981016
-0.981016
-0.554190
-0.554190
-0.554190
-0.554190
-0.554190
-0.554190
-0.554190
-0.554190
0.557343
0.557343
0.557343
0.557343
0.557343
0.557343
0.557343
0.557343
0.980273
0.980273
0.980273
0.980273
0.980273
0.980273
0.980273
0.980273
0.192066
0.192066
0.192066
0.192066
0.192066
0.192066
0.192066
0.192066
-0.833440
-0.833440
-0.833440
-0.833440
-0.833440
-0.833440
-0.833440
-0.833440
0.815351
0.691123
0.461593
0.161735
-0.162766
-0.462467
-0.691706
-0.815556
-0.192023
-0.162766
-0.108710
-0.038090
0.038333
0.108915
0.162903
0.192071
-0.962151
-0.815556
-0.544701
-0.190854
0.192071
0.545732
0.816244
0.962392
-0.543532
-0.460719
-0.307709
-0.107816
0.108504
0.308292
0.461108
0.543669
0.546625
0.463340
0.309460
0.108430
-0.109121
-0.310046
-0.463732
-0.546763
0.961422
0.814938
0.544288
0.190710
-0.191926
-0.545319
-0.815626
-0.961663
0.188373
0.159672
0.106643
0.037366
-0.037604
-0.106845
-0.159807
-0.188420
-0.817413
-0.692870
-0.462761
-0.162144
0.163177
0.463637
0.693456
0.817618
0.768006
0.317775
-0.318746
-0.768408
-0.767603
-0.316803
0.319717
0.768808
-0.180873
-0.074839
0.075068
0.180967
0.180778
0.074610
-0.075296
-0.181062
-0.906281
-0.374989
0.376135
0.906755
0.905806
0.373842
-0.377280
-0.907228
-0.511971
-0.211836
0.212484
0.512239
0.511702
0.211189
-0.213131
-0.512506
0.514884
0.213042
-0.213693
-0.515154
-0.514614
-0.212390
0.214344
0.515422
0.905595
0.374705
-0.375850
-0.906069
-0.905120
-0.373559
0.376994
0.906541
0.177435
0.073416
-0.073641
-0.177527
-0.177342
-0.073192
0.073865
0.177620
-0.769948
-0.318579
0.319552
0.770351
0.769544
0.317605
-0.320525
-0.770752
0.691123
-0.162766
-0.815556
-0.460719
0.463340
0.814938
0.159672
-0.692870
-0.162766
0.038333
0.192071
0.108504
-0.109121
-0.191926
-0.037604
0.163177
-0.815556
0.192071
0.962392
0.543669
-0.546763
-0.961663
-0.188420
0.817618
-0.460719
0.108504
0.543669
0.307126
-0.308874
-0.543257
-0.106441
0.461884
0.463340
-0.109121
-0.546763
-0.308874
0.310631
0.546349
0.107047
-0.464512
0.814938
-0.191926
-0.961663
-0.543257
0.546349
0.960935
0.188278
-0.816999
0.159672
-0.037604
-0.188420
-0.106441
0.107047
0.188278
0.036890
-0.160076
-0.692870
0.163177
0.817618
0.461884
-0.464512
-0.816999
-0.160076
0.694623
0.587659
-0.588402
-0.586915
0.589144
0.586170
-0.589885
-0.585424
0.590625
-0.138399
0.138574
0.138224
-0.138749
-0.138048
0.138924
0.137873
-0.139098
-0.693464
0.694341
0.692586
-0.695216
-0.691707
0.696091
0.690826
-0.696964
-0.391747
0.392243
0.391251
-0.392737
-0.390755
0.393231
0.390257
-0.393725
0.393977
-0.394475
-0.393478
0.394972
0.392978
-0.395469
-0.392478
0.395965
0.692939
-0.693815
-0.692061
0.694690
0.691183
-0.695564
-0.690303
0.696437
0.135769
-0.135940
-0.135597
0.136112
0.135425
-0.136283
-0.135252
0.136454
-0.589145
0.589890
0.588399
-0.590634
-0.587652
0.591377
0.586904
-0.592119
0.461593
-0.815556
0.163797
0.689952
-0.692870
-0.158640
0.814520
-0.465956
-0.108710
0.192071
-0.038576
-0.162490
0.163177
0.037361
-0.191827
0.109737
-0.544701
0.962392
-0.193287
-0.814174
0.817618
0.187203
-0.961170
0.549848
-0.307709
0.543669
-0.109191
-0.459938
0.461884
0.105753
-0.542978
0.310617
0.309460
-0.546763
0.109812
0.462556
-0.464512
-0.106355
0.546068
-0.312385
0.544288
-0.961663
0.193141
0.813558
-0.816999
-0.187061
0.960442
-0.549432
0.106643
-0.188420
0.037842
0.159402
-0.160076
-0.036651
0.188181
-0.107651
-0.462761
0.817618
-0.164211
-0.691697
0.694623
0.159041
-0.816580
0.467134
0.317775
-0.767603
0.768808
-0.320687
-0.314859
0.766386
-0.770003
0.323594
-0.074839
0.180778
-0.181062
0.075525
0.074152
-0.180491
0.181343
-0.076209
-0.374989
0.905806
-0.907228
0.378425
0.371547
-0.904370
0.908637
-0.381856
-0.211836
0.511702
-0.512506
0.213777
0.209892
-0.510891
0.513302
-0.215716
0.213042
-0.514614
0.515422
-0.214994
-0.211087
0.513798
-0.516223
0.216943
0.374705
-0.905120
0.906541
-0.378138
-0.371266
0.903685
-0.907950
0.381566
0.073416
-0.177342
0.177620
-0.074089
-0.072743
0.177060
-0.177896
0.074761
-0.318579
0.769544
-0.770752
0.321498
0.315655
-0.768324
0.771950
-0.324412
0.161735
-0.460719
0.689952
-0.814730
0.816161
-0.694030
0.466826
-0.168946
-0.038090
0.108504
-0.162490
0.191877
-0.192214
0.163451
-0.109942
0.039788
-0.190854
0.543669
-0.814174
0.961418
-0.963107
0.818986
-0.550875
0.199364
-0.107816
0.307126
-0.459938
0.543118
-0.544073
0.462657
-0.311197
0.112624
0.108430
-0.308874
0.462556
-0.546209
0.547169
-0.465290
0.312968
-0.113265
0.190710
-0.543257
0.813558
-0.960690
0.962378
-0.818366
0.550458
-0.199213
0.037366
-0.106441
0.159402
-0.188229
0.188560
-0.160344
0.107852
-0.039032
-0.162144
0.461884
-0.691697
0.816790
-0.818225
0.695785
-0.468006
0.169374
0.706883
0.706883
0.706883
0.706883
0.706883
0.706883
0.706883
0.706883
-0.707777
-0.707777
-0.707777
-0.707777
-0.707777
-0.707777
-0.707777
-0.707777
-0.705988
-0.705988
-0.705988
-0.705988
-0.705988
-0.705988
-0.705988
-0.705988
0.708670
0.708670
0.708670
0.708670
0.708670
0.708670
0.708670
0.708670
0.705092
0.705092
0.705092
0.705092
0.705092
0.705092
0.705092
0.705092
-0.709561
-0.709561
-0.709561
-0.709561
-0.709561
-0.709561
-0.709561
-0.709561
-0.704195
-0.704195
-0.704195
-0.704195
-0.704195
-0.704195
-0.704195
-0.704195
0.710452
0.710452
0.710452
0.710452
0.710452
0.710452
0.710452
0.710452
0.693290
0.587659
0.392491
0.137523
-0.138399
-0.393234
-0.588155
-0.693464
-0.694166
-0.588402
-0.392987
-0.137696
0.138574
0.393731
0.588899
0.694341
-0.692412
-0.586915
-0.391994
-0.137348
0.138224
0.392736
0.587410
0.692586
0.695042
0.589144
0.393483
0.137870
-0.138749
-0.394228
-0.589642
-0.695216
0.691533
0.586170
0.391497
0.137174
-0.138048
-0.392238
-0.586665
-0.691707
-0.695916
-0.589885
-0.393978
-0.138044
0.138924
0.394724
0.590383
0.696091
-0.690653
-0.585424
-0.390998
-0.137000
0.137873
0.391739
0.585918
0.690826
0.696790
0.590625
0.394472
0.138217
-0.139098
-0.395219
-0.591124
-0.696964
0.653032
0.270203
-0.271029
-0.653374
-0.652689
-0.269377
0.271854
0.653714
-0.653858
-0.270544
0.271371
0.654200
0.653515
0.269717
-0.272198
-0.654541
-0.652205
-0.269861
0.270685
0.652547
0.651863
0.269036
-0.271510
-0.652887
0.654683
0.270886
-0.271714
-0.655025
-0.654339
-0.270057
0.272541
0.655367
0.651377
0.269518
-0.270342
-0.651718
-0.651036
-0.268694
0.271165
0.652058
-0.655506
-0.271226
0.272055
0.655849
0.655162
0.270397
-0.272884
-0.656191
-0.650549
-0.269175
0.269998
0.650889
0.650207
0.268352
-0.270820
-0.651228
0.656329
0.271567
-0.272397
-0.656672
-0.655984
-0.270737
0.273226
0.657015
0.587659
-0.138399
-0.693464
-0.391747
0.393977
0.692939
0.135769
-0.589145
-0.588402
0.138574
0.694341
0.392243
-0.394475
-0.693815
-0.135940
0.589890
-0.586915
0.138224
0.692586
0.391251
-0.393478
-0.692061
-0.135597
0.588399
0.589144
-0.138749
-0.695216
-0.392737
0.394972
0.694690
0.136112
-0.590634
0.586170
-0.138048
-0.691707
-0.390755
0.392978
0.691183
0.135425
-0.587652
-0.589885
0.138924
0.696091
0.393231
-0.395469
-0.695564
-0.136283
0.591377
-0.585424
0.137873
0.690826
0.390257
-0.392478
-0.690303
-0.135252
0.586904
0.590625
-0.139098
-0.696964
-0.393725
0.395965
0.696437
0.136454
-0.592119
0.499684
-0.500316
-0.499051
0.500947
0.498418
-0.501577
-0.497784
0.502206
-0.500316
0.500948
0.499682
-0.501580
-0.499048
0.502211
0.498413
-0.502841
-0.499051
0.499682
0.498419
-0.500313
-0.497787
0.500942
0.497153
-0.501571
0.500947
-0.501580
-0.500313
0.502213
0.499677
-0.502845
-0.499042
0.503476
0.498418
-0.499048
-0.497787
0.499677
0.497155
-0.500306
-0.496522
0.500934
-0.501577
0.502211
0.500942
-0.502845
-0.500306
0.503477
0.499669
-0.504109
-0.497784
0.498413
0.497153
-0.499042
-0.496522
0.499669
0.495890
-0.500297
0.502206
-0.502841
-0.501571
0.503476
0.500934
-0.504109
-0.500297
0.504742
0.392491
-0.693464
0.139276
0.586663
-0.589145
-0.134891
0.692583
-0.396200
-0.392987
0.694341
-0.139452
-0.587405
0.589890
0.135062
-0.693459
0.396701
-0.391994
0.692586
-0.139099
-0.585921
0.588399
0.134720
-0.691706
0.395699
0.393483
-0.695216
0.139628
0.588146
-0.590634
-0.135232
0.694333
-0.397201
0.391497
-0.691707
0.138923
0.585177
-0.587652
-0.134549
0.690828
-0.395196
-0.393978
0.696091
-0.139803
-0.588886
0.591377
0.135402
-0.695207
0.397701
-0.390998
0.690826
-0.138746
-0.584432
0.586904
0.134378
-0.689949
0.394693
0.394472
-0.696964
0.139979
0.589625
-0.592119
-0.135572
0.696079
-0.398200
0.270203
-0.652689
0.653714
-0.272679
-0.267723
0.651655
-0.654730
0.275151
-0.270544
0.653515
-0.654541
0.273024
0.268061
-0.652479
0.655558
-0.275499
-0.269861
0.651863
-0.652887
0.272334
0.267384
-0.650830
0.653901
-0.274802
0.270886
-0.654339
0.655367
-0.273368
-0.268400
0.653302
-0.656385
0.275846
0.269518
-0.651036
0.652058
-0.271988
-0.267045
0.650004
-0.653071
0.274454
-0.271226
0.655162
-0.656191
0.273712
0.268737
-0.654124
0.657211
-0.276193
-0.269175
0.650207
-0.651228
0.271642
0.266705
-0.649177
0.652240
-0.274104
0.271567
-0.655984
0.657015
-0.274055
-0.269074
0.654945
-0.658035
0.276540
0.137523
-0.391747
0.586663
-0.692761
0.693979
-0.590131
0.396940
-0.143654
-0.137696
0.392243
-0.587405
0.693637
-0.694856
0.590877
-0.397442
0.143836
-0.137348
0.391251
-0.585921
0.691884
-0.693100
0.589384
-0.396437
0.143473
0.137870
-0.392737
0.588146
-0.694512
0.695733
-0.591622
0.397943
-0.144017
0.137174
-0.390755
0.585177
-0.691006
0.692220
-0.588636
0.395934
-0.143290
-0.138044
0.393231
-0.588886
0.695386
-0.696608
0.592367
-0.398444
0.144199
-0.137000
0.390257
-0.584432
0.690127
-0.691339
0.587887
-0.395430
0.143108
0.138217
-0.393725
0.589625
-0.696259
0.697482
-0.593110
0.398944
-0.144380
0.555242
0.555242
0.555242
0.555242
0.555242
0.555242
0.555242
0.555242
-0.981016
-0.981016
-0.981016
-0.981016
-0.981016
-0.981016
-0.981016
-0.981016
0.197028
0.197028
0.197028
0.197028
0.197028
0.197028
0.197028
0.197028
0.829930
0.829930
0.829930
0.829930
0.829930
0.829930
0.829930
0.829930
-0.833440
-0.833440
-0.833440
-0.833440
-0.833440
-0.833440
-0.833440
-0.833440
-0.190825
-0.190825
-0.190825
-0.190825
-0.190825
-0.190825
-0.190825
-0.190825
0.979770
0.979770
0.979770
0.979770
0.979770
0.979770
0.979770
0.979770
-0.560489
-0.560489
-0.560489
-0.560489
-0.560489
-0.560489
-0.560489
-0.560489
0.544564
0.461593
0.308293
0.108021
-0.108710
-0.308877
-0.461983
-0.544701
-0.962151
-0.815556
-0.544701
-0.190854
0.192071
0.545732
0.816244
0.962392
0.193239
0.163797
0.109398
0.038331
-0.038576
-0.109605
-0.163935
-0.193287
0.813970
0.689952
0.460812
0.161461
-0.162490
-0.461684
-0.690535
-0.814174
-0.817413
-0.692870
-0.462761
-0.162144
0.163177
0.463637
0.693456
0.817618
-0.187156
-0.158640
-0.105954
-0.037125
0.037361
0.106155
0.158774
0.187203
0.960929
0.814520
0.544009
0.190612
-0.191827
-0.545039
-0.815208
-0.961170
-0.549711
-0.465956
-0.311207
-0.109042
0.109737
0.311796
0.466349
0.549848
0.512943
0.212239
-0.212887
-0.513211
-0.512674
-0.211590
0.213535
0.513479
-0.906281
-0.374989
0.376135
0.906755
0.905806
0.373842
-0.377280
-0.907228
0.182018
0.075313
-0.075543
-0.182113
-0.181922
-0.075083
0.075773
0.182208
0.766705
0.317237
-0.318206
-0.767106
-0.766303
-0.316267
0.319175
0.767506
-0.769948
-0.318579
0.319552
0.770351
0.769544
0.317605
-0.320525
-0.770752
-0.176288
-0.072942
0.073165
0.176380
0.176196
0.072719
-0.073388
-0.176472
0.905130
0.374513
-0.375657
-0.905604
-0.904655
-0.373367
0.376801
0.906076
-0.517790
-0.214244
0.214899
0.518061
0.517519
0.213589
-0.215553
-0.518331
0.461593
-0.108710
-0.544701
-0.307709
0.309460
0.544288
0.106643
-0.462761
-0.815556
0.192071
0.962392
0.543669
-0.546763
-0.961663
-0.188420
0.817618
0.163797
-0.038576
-0.193287
-0.109191
0.109812
0.193141
0.037842
-0.164211
0.689952
-0.162490
-0.814174
-0.459938
0.462556
0.813558
0.159402
-0.691697
-0.692870
0.163177
0.817618
0.461884
-0.464512
-0.816999
-0.160076
0.694623
-0.158640
0.037361
0.187203
0.105753
-0.106355
-0.187061
-0.036651
0.159041
0.814520
-0.191827
-0.961170
-0.542978
0.546068
0.960442
0.188181
-0.816580
-0.465956
0.109737
0.549848
0.310617
-0.312385
-0.549432
-0.107651
0.467134
0.392491
-0.392987
-0.391994
0.393483
0.391497
-0.393978
-0.390998
0.394472
-0.693464
0.694341
0.692586
-0.695216
-0.691707
0.696091
0.690826
-0.696964
0.139276
-0.139452
-0.139099
0.139628
0.138923
-0.139803
-0.138746
0.139979
0.586663
-0.587405
-0.585921
0.588146
0.585177
-0.588886
-0.584432
0.589625
-0.589145
0.589890
0.588399
-0.590634
-0.587652
0.591377
0.586904
-0.592119
-0.134891
0.135062
0.134720
-0.135232
-0.134549
0.135402
0.134378
-0.135572
0.692583
-0.693459
-0.691706
0.694333
0.690828
-0.695207
-0.689949
0.696079
-0.396200
0.396701
0.395699
-0.397201
-0.395196
0.397701
0.394693
-0.398200
0.308293
-0.544701
0.109398
0.460812
-0.462761
-0.105954
0.544009
-0.311207
-0.544701
0.962392
-0.193287
-0.814174
0.817618
0.187203
-0.961170
0.549848
0.109398
-0.193287
0.038820
0.163519
-0.164211
-0.037598
0.193042
-0.110432
0.460812
-0.814174
0.163519
0.688783
-0.691697
-0.158372
0.813140
-0.465166
-0.462761
0.817618
-0.164211
-0.691697
0.694623
0.159041
-0.816580
0.467134
-0.105954
0.187203
-0.037598
-0.158372
0.159041
0.036414
-0.186965
0.106955
0.544009
-0.961170
0.193042
0.813140
-0.816580
-0.186965
0.959950
-0.549150
-0.311207
0.549848
-0.110432
-0.465166
0.467134
0.106955
-0.549150
0.314148
0.212239
-0.512674
0.513479
-0.214183
-0.210291
0.511861
-0.514276
0.216125
-0.374989
0.905806
-0.907228
0.378425
0.371547
-0.904370
0.908637
-0.381856
0.075313
-0.181922
0.182208
-0.076003
-0.074622
0.181634
-0.182491
0.076692
0.317237
-0.766303
0.767506
-0.320144
-0.314325
0.765088
-0.768698
0.323046
-0.318579
0.769544
-0.770752
0.321498
0.315655
-0.768324
0.771950
-0.324412
-0.072942
0.176196
-0.176472
0.073610
0.072273
-0.175916
0.176746
-0.074278
0.374513
-0.904655
0.906076
-0.377944
-0.371075
0.903222
-0.907484
0.381371
-0.214244
0.517519
-0.518331
0.216207
0.212278
-0.516698
0.519136
-0.218167
0.108021
-0.307709
0.460812
-0.544149
0.545105
-0.463535
0.311788
-0.112837
-0.190854
0.543669
-0.814174
0.961418
-0.963107
0.818986
-0.550875
0.199364
0.038331
-0.109191
0.163519
-0.193092
0.193431
-0.164486
0.110638
-0.040040
0.161461
-0.459938
0.688783
-0.813350
0.814779
-0.692854
0.466035
-0.168660
-0.162144
0.461884
-0.691697
0.816790
-0.818225
0.695785
-0.468006
0.169374
-0.037125
0.105753
-0.158372
0.187013
-0.187342
0.159308
-0.107155
0.038780
0.190612
-0.542978
0.813140
-0.960197
0.961884
-0.817946
0.550176
-0.199111
-0.109042
0.310617
-0.465166
0.549292
-0.550257
0.467916
-0.314734
0.113904
0.382245
0.382245
0.382245
0.382245
0.382245
0.382245
0.382245
0.382245
-0.923334
-0.923334
-0.923334
-0.923334
-0.923334
-0.923334
-0.923334
-0.923334
0.924784
0.924784
0.924784
0.924784
0.924784
0.924784
0.924784
0.924784
-0.385748
-0.385748
-0.385748
-0.385748
-0.385748
-0.385748
-0.385748
-0.385748
-0.378737
-0.378737
-0.378737
-0.378737
-0.378737
-0.378737
-0.378737
-0.378737
0.921871
0.921871
0.921871
0.921871
0.921871
0.921871
0.921871
0.921871
-0.926221
-0.926221
-0.926221
-0.926221
-0.926221
-0.926221
-0.926221
-0.926221
0.389245
0.389245
0.389245
0.389245
0.389245
0.389245
0.389245
0.389245
0.374895
0.317775
0.212239
0.074365
-0.074839
-0.212640
-0.318043
-0.374989
-0.905578
-0.767603
-0.512674
-0.179633
0.180778
0.513644
0.768251
0.905806
0.907001
0.768808
0.513479
0.179915
-0.181062
-0.514451
-0.769457
-0.907228
-0.378330
-0.320687
-0.214183
-0.075046
0.075525
0.214589
0.320958
0.378425
-0.371454
-0.314859
-0.210291
-0.073682
0.074152
0.210689
0.315124
0.371547
0.904143
0.766386
0.511861
0.179348
-0.180491
-0.512830
-0.767033
-0.904370
-0.908410
-0.770003
-0.514276
-0.180194
0.181343
0.515250
0.770653
0.908637
0.381760
0.323594
0.216125
0.075727
-0.076209
-0.216534
-0.323867
-0.381856
0.353125
0.146111
-0.146558
-0.353310
-0.352940
-0.145665
0.147004
0.353494
-0.852994
-0.352940
0.354019
0.853440
0.852546
0.351861
-0.355097
-0.853885
0.854333
0.353494
-0.354575
-0.854780
-0.853885
-0.352414
0.355654
0.855226
-0.356361
-0.147450
0.147901
0.356548
0.356174
0.146999
-0.148351
-0.356734
-0.349885
-0.144771
0.145213
0.350068
0.349701
0.144328
-0.145655
-0.350250
0.851642
0.352381
-0.353458
-0.852087
-0.851195
-0.351303
0.354534
0.852532
-0.855660
-0.354044
0.355126
0.856108
0.855211
0.352961
-0.356207
-0.856555
0.359592
0.148787
-0.149242
-0.359780
-0.359403
-0.148332
0.149696
0.359968
0.317775
-0.074839
-0.374989
-0.211836
0.213042
0.374705
0.073416
-0.318579
-0.767603
0.180778
0.905806
0.511702
-0.514614
-0.905120
-0.177342
0.769544
0.768808
-0.181062
-0.907228
-0.512506
0.515422
0.906541
0.177620
-0.770752
-0.320687
0.075525
0.378425
0.213777
-0.214994
-0.378138
-0.074089
0.321498
-0.314859
0.074152
0.371547
0.209892
-0.211087
-0.371266
-0.072743
0.315655
0.766386
-0.180491
-0.904370
-0.510891
0.513798
0.903685
0.177060
-0.768324
-0.770003
0.181343
0.908637
0.513302
-0.516223
-0.907950
-0.177896
0.771950
0.323594
-0.076209
-0.381856
-0.215716
0.216943
0.381566
0.074761
-0.324412
0.270203
-0.270544
-0.269861
0.270886
0.269518
-0.271226
-0.269175
0.271567
-0.652689
0.653515
0.651863
-0.654339
-0.651036
0.655162
0.650207
-0.655984
0.653714
-0.654541
-0.652887
0.655367
0.652058
-0.656191
-0.651228
0.657015
-0.272679
0.273024
0.272334
-0.273368
-0.271988
0.273712
0.271642
-0.274055
-0.267723
0.268061
0.267384
-0.268400
-0.267045
0.268737
0.266705
-0.269074
0.651655
-0.652479
-0.650830
0.653302
0.650004
-0.654124
-0.649177
0.654945
-0.654730
0.655558
0.653901
-0.656385
-0.653071
0.657211
0.652240
-0.658035
0.275151
-0.275499
-0.274802
0.275846
0.274454
-0.276193
-0.274104
0.276540
0.212239
-0.374989
0.075313
0.317237
-0.318579
-0.072942
0.374513
-0.214244
-0.512674
0.905806
-0.181922
-0.766303
0.769544
0.176196
-0.904655
0.517519
0.513479
-0.907228
0.182208
0.767506
-0.770752
-0.176472
0.906076
-0.518331
-0.214183
0.378425
-0.076003
-0.320144
0.321498
0.073610
-0.377944
0.216207
-0.210291
0.371547
-0.074622
-0.314325
0.315655
0.072273
-0.371075
0.212278
0.511861
-0.904370
0.181634
0.765088
-0.768324
-0.175916
0.903222
-0.516698
-0.514276
0.908637
-0.182491
-0.768698
0.771950
0.176746
-0.907484
0.519136
0.216125
-0.381856
0.076692
0.323046
-0.324412
-0.074278
0.381371
-0.218167
0.146111
-0.352940
0.353494
-0.147450
-0.144771
0.352381
-0.354044
0.148787
-0.352940
0.852546
-0.853885
0.356174
0.349701
-0.851195
0.855211
-0.359403
0.353494
-0.853885
0.855226
-0.356734
-0.350250
0.852532
-0.856555
0.359968
-0.147450
0.356174
-0.356734
0.148801
0.146097
-0.355610
0.357288
-0.150150
-0.144771
0.349701
-0.350250
0.146097
0.143442
-0.349147
0.350794
-0.147422
0.352381
-0.851195
0.852532
-0.355610
-0.349147
0.849846
-0.853856
0.358834
-0.354044
0.855211
-0.856555
0.357288
0.350794
-0.853856
0.857885
-0.360527
0.148787
-0.359403
0.359968
-0.150150
-0.147422
0.358834
-0.360527
0.151512
0.074365
-0.211836
0.317237
-0.374609
0.375267
-0.319112
0.214644
-0.077681
-0.179633
0.511702
-0.766303
0.904888
-0.906478
0.770832
-0.518485
0.187642
0.179915
-0.512506
0.767506
-0.906309
0.907902
-0.772042
0.519299
-0.187937
-0.075046
0.213777
-0.320144
0.378042
-0.378706
0.322036
-0.216611
0.078393
-0.073682
0.209892
-0.314325
0.371171
-0.371823
0.316183
-0.212674
0.076968
0.179348
-0.510891
0.765088
-0.903454
0.905042
-0.769610
0.517663
-0.187345
-0.180194
0.513302
-0.768698
0.907717
-0.909312
0.773242
-0.520106
0.188229
0.075727
-0.215716
0.323046
-0.381469
0.382139
-0.324955
0.218575
-0.079103
0.194548
0.194548
0.194548
0.194548
0.194548
0.194548
0.194548
0.194548
-0.554190
-0.554190
-0.554190
-0.554190
-0.554190
-0.554190
-0.554190
-0.554190
0.829930
0.829930
0.829930
0.829930
0.829930
0.829930
0.829930
0.829930
-0.980022
-0.980022
-0.980022
-0.980022
-0.980022
-0.980022
-0.980022
-0.980022
0.981744
0.981744
0.981744
0.981744
0.981744
0.981744
0.981744
0.981744
-0.834835
-0.834835
-0.834835
-0.834835
-0.834835
-0.834835
-0.834835
-0.834835
0.561536
0.561536
0.561536
0.561536
0.561536
0.561536
0.561536
0.561536
-0.203222
-0.203222
-0.203222
-0.203222
-0.203222
-0.203222
-0.203222
-0.203222
0.190807
0.161735
0.108021
0.037849
-0.038090
-0.108225
-0.161871
-0.190854
-0.543532
-0.460719
-0.307709
-0.107816
0.108504
0.308292
0.461108
0.543669
0.813970
0.689952
0.460812
0.161461
-0.162490
-0.461684
-0.690535
-0.814174
-0.961176
-0.814730
-0.544149
-0.190661
0.191877
0.545179
0.815418
0.961418
0.962865
0.816161
0.545105
0.190996
-0.192214
-0.546137
-0.816851
-0.963107
-0.818781
-0.694030
-0.463535
-0.162415
0.163451
0.464413
0.694616
0.818986
0.550737
0.466826
0.311788
0.109245
-0.109942
-0.312378
-0.467220
-0.550875
-0.199314
-0.168946
-0.112837
-0.039536
0.039788
0.113051
0.169089
0.199364
0.179727
0.074365
-0.074592
-0.179821
-0.179633
-0.074138
0.074819
0.179915
-0.511971
-0.211836
0.212484
0.512239
0.511702
0.211189
-0.213131
-0.512506
0.766705
0.317237
-0.318206
-0.767106
-0.766303
-0.316267
0.319175
0.767506
-0.905363
-0.374609
0.375754
0.905837
0.904888
0.373464
-0.376898
-0.906309
0.906954
0.375267
-0.376414
-0.907429
-0.906478
-0.374120
0.377560
0.907902
-0.771236
-0.319112
0.320087
0.771640
0.770832
0.318136
-0.321062
-0.772042
0.518757
0.214644
-0.215300
-0.519029
-0.518485
-0.213988
0.215956
0.519299
-0.187741
-0.077681
0.077918
0.187839
0.187642
0.077443
-0.078155
-0.187937
0.161735
-0.038090
-0.190854
-0.107816
0.108430
0.190710
0.037366
-0.162144
-0.460719
0.108504
0.543669
0.307126
-0.308874
-0.543257
-0.106441
0.461884
0.689952
-0.162490
-0.814174
-0.459938
0.462556
0.813558
0.159402
-0.691697
-0.814730
0.191877
0.961418
0.543118
-0.546209
-0.960690
-0.188229
0.816790
0.816161
-0.192214
-0.963107
-0.544073
0.547169
0.962378
0.188560
-0.818225
-0.694030
0.163451
0.818986
0.462657
-0.465290
-0.818366
-0.160344
0.695785
0.466826
-0.109942
-0.550875
-0.311197
0.312968
0.550458
0.107852
-0.468006
-0.168946
0.039788
0.199364
0.112624
-0.113265
-0.199213
-0.039032
0.169374
0.137523
-0.137696
-0.137348
0.137870
0.137174
-0.138044
-0.137000
0.138217
-0.391747
0.392243
0.391251
-0.392737
-0.390755
0.393231
0.390257
-0.393725
0.586663
-0.587405
-0.585921
0.588146
0.585177
-0.588886
-0.584432
0.589625
-0.692761
0.693637
0.691884
-0.694512
-0.691006
0.695386
0.690127
-0.696259
0.693979
-0.694856
-0.693100
0.695733
0.692220
-0.696608
-0.691339
0.697482
-0.590131
0.590877
0.589384
-0.591622
-0.588636
0.592367
0.587887
-0.593110
0.396940
-0.397442
-0.396437
0.397943
0.395934
-0.398444
-0.395430
0.398944
-0.143654
0.143836
0.143473
-0.144017
-0.143290
0.144199
0.143108
-0.144380
0.108021
-0.190854
0.038331
0.161461
-0.162144
-0.037125
0.190612
-0.109042
-0.307709
0.543669
-0.109191
-0.459938
0.461884
0.105753
-0.542978
0.310617
0.460812
-0.814174
0.163519
0.688783
-0.691697
-0.158372
0.813140
-0.465166
-0.544149
0.961418
-0.193092
-0.813350
0.816790
0.187013
-0.960197
0.549292
0.545105
-0.963107
0.193431
0.814779
-0.818225
-0.187342
0.961884
-0.550257
-0.463535
0.818986
-0.164486
-0.692854
0.695785
0.159308
-0.817946
0.467916
0.311788
-0.550875
0.110638
0.466035
-0.468006
-0.107155
0.550176
-0.314734
-0.112837
0.199364
-0.040040
-0.168660
0.169374
0.038780
-0.199111
0.113904
0.074365
-0.179633
0.179915
-0.075046
-0.073682
0.179348
-0.180194
0.075727
-0.211836
0.511702
-0.512506
0.213777
0.209892
-0.510891
0.513302
-0.215716
0.317237
-0.766303
0.767506
-0.320144
-0.314325
0.765088
-0.768698
0.323046
-0.374609
0.904888
-0.906309
0.378042
0.371171
-0.903454
0.907717
-0.381469
0.375267
-0.906478
0.907902
-0.378706
-0.371823
0.905042
-0.909312
0.382139
-0.319112
0.770832
-0.772042
0.322036
0.316183
-0.769610
0.773242
-0.324955
0.214644
-0.518485
0.519299
-0.216611
-0.212674
0.517663
-0.520106
0.218575
-0.077681
0.187642
-0.187937
0.078393
0.076968
-0.187345
0.188229
-0.079103
0.037849
-0.107816
0.161461
-0.190661
0.190996
-0.162415
0.109245
-0.039536
-0.107816
0.307126
-0.459938
0.543118
-0.544073
0.462657
-0.311197
0.112624
0.161461
-0.459938
0.688783
-0.813350
0.814779
-0.692854
0.466035
-0.168660
-0.190661
0.543118
-0.813350
0.960444
-0.962132
0.818157
-0.550317
0.199162
0.190996
-0.544073
0.814779
-0.962132
0.963822
-0.819595
0.551284
-0.199512
-0.162415
0.462657
-0.692854
0.818157
-0.819595
0.696950
-0.468790
0.169657
0.109245
-0.311197
0.466035
-0.550317
0.551284
-0.468790
0.315322
-0.114117
-0.039536
0.112624
-0.168660
0.199162
-0.199512
0.169657
-0.114117
0.041299