1.000000
0.980770
0.923819
0.831338
0.706883
0.555242
0.382245
0.194548
0.980770
0.961910
0.906054
0.815351
0.693290
0.544564
0.374895
0.190807
0.923819
0.906054
0.853442
0.768006
0.653032
0.512943
0.353125
0.179727
0.831338
0.815351
0.768006
0.691123
0.587659
0.461593
0.317775
0.161735
0.706883
0.693290
0.653032
0.587659
0.499684
0.392491
0.270203
0.137523
0.555242
0.544564
0.512943
0.461593
0.392491
0.308293
0.212239
0.108021
0.382245
0.374895
0.353125
0.317775
0.270203
0.212239
0.146111
0.074365
0.194548
0.190807
0.179727
0.161735
0.137523
0.108021
0.074365
0.037849
1.000000
0.831338
0.382245
-0.195788
-0.707777
-0.981016
-0.923334
-0.554190
0.980770
0.815351
0.374895
-0.192023
-0.694166
-0.962151
-0.905578
-0.543532
0.923819
0.768006
0.353125
-0.180873
-0.653858
-0.906281
-0.852994
-0.511971
0.831338
0.691123
0.317775
-0.162766
-0.588402
-0.815556
-0.767603
-0.460719
0.706883
0.587659
0.270203
-0.138399
-0.500316
-0.693464
-0.652689
-0.391747
0.555242
0.461593
0.212239
-0.108710
-0.392987
-0.544701
-0.512674
-0.307709
0.382245
0.317775
0.146111
-0.074839
-0.270544
-0.374989
-0.352940
-0.211836
0.194548
0.161735
0.074365
-0.038090
-0.137696
-0.190854
-0.179633
-0.107816
1.000000
0.555242
-0.383413
-0.981016
-0.705988
0.197028
0.924784
0.829930
0.980770
0.544564
-0.376040
-0.962151
-0.692412
0.193239
0.907001
0.813970
0.923819
0.512943
-0.354205
-0.906281
-0.652205
0.182018
0.854333
0.766705
0.831338
0.461593
-0.318746
-0.815556
-0.586915
0.163797
0.768808
0.689952
0.706883
0.392491
-0.271029
-0.693464
-0.499051
0.139276
0.653714
0.586663
0.555242
0.308293
-0.212887
-0.544701
-0.391994
0.109398
0.513479
0.460812
0.382245
0.212239
-0.146558
-0.374989
-0.269861
0.075313
0.353494
0.317237
0.194548
0.108021
-0.074592
-0.190854
-0.137348
0.038331
0.179915
0.161461
1.000000
0.194548
-0.924302
-0.554190
0.708670
0.829930
-0.385748
-0.980022
0.980770
0.190807
-0.906528
-0.543532
0.695042
0.813970
-0.378330
-0.961176
0.923819
0.179727
-0.853888
-0.511971
0.654683
0.766705
-0.356361
-0.905363
0.831338
0.161735
-0.768408
-0.460719
0.589144
0.689952
-0.320687
-0.814730
0.706883
0.137523
-0.653374
-0.391747
0.500947
0.586663
-0.272679
-0.692761
0.555242
0.108021
-0.513211
-0.307709
0.393483
0.460812
-0.214183
-0.544149
0.382245
0.074365
-0.353310
-0.211836
0.270886
0.317237
-0.147450
-0.374609
0.194548
0.037849
-0.179821
-0.107816
0.137870
0.161461
-0.075046
-0.190661
1.000000
-0.195788
-0.923334
0.557343
0.705092
-0.833440
-0.378737
0.981744
0.980770
-0.192023
-0.905578
0.546625
0.691533
-0.817413
-0.371454
0.962865
0.923819
-0.180873
-0.852994
0.514884
0.651377
-0.769948
-0.349885
0.906954
0.831338
-0.162766
-0.767603
0.463340
0.586170
-0.692870
-0.314859
0.816161
0.706883
-0.138399
-0.652689
0.393977
0.498418
-0.589145
-0.267723
0.693979
0.555242
-0.108710
-0.512674
0.309460
0.391497
-0.462761
-0.210291
0.545105
0.382245
-0.074839
-0.352940
0.213042
0.269518
-0.318579
-0.144771
0.375267
0.194548
-0.038090
-0.179633
0.108430
0.137174
-0.162144
-0.073682
0.190996
1.000000
-0.556293
-0.381077
0.980273
-0.709561
-0.190825
0.921871
-0.834835
0.980770
-0.545595
-0.373748
0.961422
-0.695916
-0.187156
0.904143
-0.818781
0.923819
-0.513914
-0.352046
0.905595
-0.655506
-0.176288
0.851642
-0.771236
0.831338
-0.462467
-0.316803
0.814938
-0.589885
-0.158640
0.766386
-0.694030
0.706883
-0.393234
-0.269377
0.692939
-0.501577
-0.134891
0.651655
-0.590131
0.555242
-0.308877
-0.211590
0.544288
-0.393978
-0.105954
0.511861
-0.463535
0.382245
-0.212640
-0.145665
0.374705
-0.271226
-0.072942
0.352381
-0.319112
0.194548
-0.108225
-0.074138
0.190710
-0.138044
-0.037125
0.179348
-0.162415
1.000000
-0.832040
0.384581
0.192066
-0.704195
0.979770
-0.926221
0.561536
0.980770
-0.816040
0.377185
0.188373
-0.690653
0.960929
-0.908410
0.550737
0.923819
-0.768654
0.355283
0.177435
-0.650549
0.905130
-0.855660
0.518757
0.831338
-0.691706
0.319717
0.159672
-0.585424
0.814520
-0.770003
0.466826
0.706883
-0.588155
0.271854
0.135769
-0.497784
0.692583
-0.654730
0.396940
0.555242
-0.461983
0.213535
0.106643
-0.390998
0.544009
-0.514276
0.311788
0.382245
-0.318043
0.147004
0.073416
-0.269175
0.374513
-0.354044
0.214644
0.194548
-0.161871
0.074819
0.037366
-0.137000
0.190612
-0.180194
0.109245
1.000000
-0.981016
0.924784
-0.833440
0.710452
-0.560489
0.389245
-0.203222
0.980770
-0.962151
0.907001
-0.817413
0.696790
-0.549711
0.381760
-0.199314
0.923819
-0.906281
0.854333
-0.769948
0.656329
-0.517790
0.359592
-0.187741
0.831338
-0.815556
0.768808
-0.692870
0.590625
-0.465956
0.323594
-0.168946
0.706883
-0.693464
0.653714
-0.589145
0.502206
-0.396200
0.275151
-0.143654
0.555242
-0.544701
0.513479
-0.462761
0.394472
-0.311207
0.216125
-0.112837
0.382245
-0.374989
0.353494
-0.318579
0.271567
-0.214244
0.148787
-0.077681
0.194548
-0.190854
0.179915
-0.162144
0.138217
-0.109042
0.075727
-0.039536
1.000000
0.980770
0.923819
0.831338
0.706883
0.555242
0.382245
0.194548
0.831338
0.815351
0.768006
0.691123
0.587659
0.461593
0.317775
0.161735
0.382245
0.374895
0.353125
0.317775
0.270203
0.212239
0.146111
0.074365
-0.195788
-0.192023
-0.180873
-0.162766
-0.138399
-0.108710
-0.074839
-0.038090
-0.707777
-0.694166
-0.653858
-0.588402
-0.500316
-0.392987
-0.270544
-0.137696
-0.981016
-0.962151
-0.906281
-0.815556
-0.693464
-0.544701
-0.374989
-0.190854
-0.923334
-0.905578
-0.852994
-0.767603
-0.652689
-0.512674
-0.352940
-0.179633
-0.554190
-0.543532
-0.511971
-0.460719
-0.391747
-0.307709
-0.211836
-0.107816
1.000000
0.831338
0.382245
-0.195788
-0.707777
-0.981016
-0.923334
-0.554190
0.831338
0.691123
0.317775
-0.162766
-0.588402
-0.815556
-0.767603
-0.460719
0.382245
0.317775
0.146111
-0.074839
-0.270544
-0.374989
-0.352940
-0.211836
-0.195788
-0.162766
-0.074839
0.038333
0.138574
0.192071
0.180778
0.108504
-0.707777
-0.588402
-0.270544
0.138574
0.500948
0.694341
0.653515
0.392243
-0.981016
-0.815556
-0.374989
0.192071
0.694341
0.962392
0.905806
0.543669
-0.923334
-0.767603
-0.352940
0.180778
0.653515
0.905806
0.852546
0.511702
-0.554190
-0.460719
-0.211836
0.108504
0.392243
0.543669
0.511702
0.307126
1.000000
0.555242
-0.383413
-0.981016
-0.705988
0.197028
0.924784
0.829930
0.831338
0.461593
-0.318746
-0.815556
-0.586915
0.163797
0.768808
0.689952
0.382245
0.212239
-0.146558
-0.374989
-0.269861
0.075313
0.353494
0.317237
-0.195788
-0.108710
0.075068
0.192071
0.138224
-0.038576
-0.181062
-0.162490
-0.707777
-0.392987
0.271371
0.694341
0.499682
-0.139452
-0.654541
-0.587405
-0.981016
-0.544701
0.376135
0.962392
0.692586
-0.193287
-0.907228
-0.814174
-0.923334
-0.512674
0.354019
0.905806
0.651863
-0.181922
-0.853885
-0.766303
-0.554190
-0.307709
0.212484
0.543669
0.391251
-0.109191
-0.512506
-0.459938
1.000000
0.194548
-0.924302
-0.554190
0.708670
0.829930
-0.385748
-0.980022
0.831338
0.161735
-0.768408
-0.460719
0.589144
0.689952
-0.320687
-0.814730
0.382245
0.074365
-0.353310
-0.211836
0.270886
0.317237
-0.147450
-0.374609
-0.195788
-0.038090
0.180967
0.108504
-0.138749
-0.162490
0.075525
0.191877
-0.707777
-0.137696
0.654200
0.392243
-0.501580
-0.587405
0.273024
0.693637
-0.981016
-0.190854
0.906755
0.543669
-0.695216
-0.814174
0.378425
0.961418
-0.923334
-0.179633
0.853440
0.511702
-0.654339
-0.766303
0.356174
0.904888
-0.554190
-0.107816
0.512239
0.307126
-0.392737
-0.459938
0.213777
0.543118
1.000000
-0.195788
-0.923334
0.557343
0.705092
-0.833440
-0.378737
0.981744
0.831338
-0.162766
-0.767603
0.463340
0.586170
-0.692870
-0.314859
0.816161
0.382245
-0.074839
-0.352940
0.213042
0.269518
-0.318579
-0.144771
0.375267
-0.195788
0.038333
0.180778
-0.109121
-0.138048
0.163177
0.074152
-0.192214
-0.707777
0.138574
0.653515
-0.394475
-0.499048
0.589890
0.268061
-0.694856
-0.981016
0.192071
0.905806
-0.546763
-0.691707
0.817618
0.371547
-0.963107
-0.923334
0.180778
0.852546
-0.514614
-0.651036
0.769544
0.349701
-0.906478
-0.554190
0.108504
0.511702
-0.308874
-0.390755
0.461884
0.209892
-0.544073
1.000000
-0.556293
-0.381077
0.980273
-0.709561
-0.190825
0.921871
-0.834835
0.831338
-0.462467
-0.316803
0.814938
-0.589885
-0.158640
0.766386
-0.694030
0.382245
-0.212640
-0.145665
0.374705
-0.271226
-0.072942
0.352381
-0.319112
-0.195788
0.108915
0.074610
-0.191926
0.138924
0.037361
-0.180491
0.163451
-0.707777
0.393731
0.269717
-0.693815
0.502211
0.135062
-0.652479
0.590877
-0.981016
0.545732
0.373842
-0.961663
0.696091
0.187203
-0.904370
0.818986
-0.923334
0.513644
0.351861
-0.905120
0.655162
0.176196
-0.851195
0.770832
-0.554190
0.308292
0.211189
-0.543257
0.393231
0.105753
-0.510891
0.462657
1.000000
-0.832040
0.384581
0.192066
-0.704195
0.979770
-0.926221
0.561536
0.831338
-0.691706
0.319717
0.159672
-0.585424
0.814520
-0.770003
0.466826
0.382245
-0.318043
0.147004
0.073416
-0.269175
0.374513
-0.354044
0.214644
-0.195788
0.162903
-0.075296
-0.037604
0.137873
-0.191827
0.181343
-0.109942
-0.707777
0.588899
-0.272198
-0.135940
0.498413
-0.693459
0.655558
-0.397442
-0.981016
0.816244
-0.377280
-0.188420
0.690826
-0.961170
0.908637
-0.550875
-0.923334
0.768251
-0.355097
-0.177342
0.650207
-0.904655
0.855211
-0.518485
-0.554190
0.461108
-0.213131
-0.106441
0.390257
-0.542978
0.513302
-0.311197
1.000000
-0.981016
0.924784
-0.833440
0.710452
-0.560489
0.389245
-0.203222
0.831338
-0.815556
0.768808
-0.692870
0.590625
-0.465956
0.323594
-0.168946
0.382245
-0.374989
0.353494
-0.318579
0.271567
-0.214244
0.148787
-0.077681
-0.195788
0.192071
-0.181062
0.163177
-0.139098
0.109737
-0.076209
0.039788
-0.707777
0.694341
-0.654541
0.589890
-0.502841
0.396701
-0.275499
0.143836
-0.981016
0.962392
-0.907228
0.817618
-0.696964
0.549848
-0.381856
0.199364
-0.923334
0.905806
-0.853885
0.769544
-0.655984
0.517519
-0.359403
0.187642
-0.554190
0.543669
-0.512506
0.461884
-0.393725
0.310617
-0.215716
0.112624
1.000000
0.980770
0.923819
0.831338
0.706883
0.555242
0.382245
0.194548
0.555242
0.544564
0.512943
0.461593
0.392491
0.308293
0.212239
0.108021
-0.383413
-0.376040
-0.354205
-0.318746
-0.271029
-0.212887
-0.146558
-0.074592
-0.981016
-0.962151
-0.906281
-0.815556
-0.693464
-0.544701
-0.374989
-0.190854
-0.705988
-0.692412
-0.652205
-0.586915
-0.499051
-0.391994
-0.269861
-0.137348
0.197028
0.193239
0.182018
0.163797
0.139276
0.109398
0.075313
0.038331
0.924784
0.907001
0.854333
0.768808
0.653714
0.513479
0.353494
0.179915
0.829930
0.813970
0.766705
0.689952
0.586663
0.460812
0.317237
0.161461
1.000000
0.831338
0.382245
-0.195788
-0.707777
-0.981016
-0.923334
-0.554190
0.555242
0.461593
0.212239
-0.108710
-0.392987
-0.544701
-0.512674
-0.307709
-0.383413
-0.318746
-0.146558
0.075068
0.271371
0.376135
0.354019
0.212484
-0.981016
-0.815556
-0.374989
0.192071
0.694341
0.962392
0.905806
0.543669
-0.705988
-0.586915
-0.269861
0.138224
0.499682
0.692586
0.651863
0.391251
0.197028
0.163797
0.075313
-0.038576
-0.139452
-0.193287
-0.181922
-0.109191
0.924784
0.768808
0.353494
-0.181062
-0.654541
-0.907228
-0.853885
-0.512506
0.829930
0.689952
0.317237
-0.162490
-0.587405
-0.814174
-0.766303
-0.459938
1.000000
0.555242
-0.383413
-0.981016
-0.705988
0.197028
0.924784
0.829930
0.555242
0.308293
-0.212887
-0.544701
-0.391994
0.109398
0.513479
0.460812
-0.383413
-0.212887
0.147006
0.376135
0.270685
-0.075543
-0.354575
-0.318206
-0.981016
-0.544701
0.376135
0.962392
0.692586
-0.193287
-0.907228
-0.814174
-0.705988
-0.391994
0.270685
0.692586
0.498419
-0.139099
-0.652887
-0.585921
0.197028
0.109398
-0.075543
-0.193287
-0.139099
0.038820
0.182208
0.163519
0.924784
0.513479
-0.354575
-0.907228
-0.652887
0.182208
0.855226
0.767506
0.829930
0.460812
-0.318206
-0.814174
-0.585921
0.163519
0.767506
0.688783
1.000000
0.194548
-0.924302
-0.554190
0.708670
0.829930
-0.385748
-0.980022
0.555242
0.108021
-0.513211
-0.307709
0.393483
0.460812
-0.214183
-0.544149
-0.383413
-0.074592
0.354390
0.212484
-0.271714
-0.318206
0.147901
0.375754
-0.981016
-0.190854
0.906755
0.543669
-0.695216
-0.814174
0.378425
0.961418
-0.705988
-0.137348
0.652547
0.391251
-0.500313
-0.585921
0.272334
0.691884
0.197028
0.038331
-0.182113
-0.109191
0.139628
0.163519
-0.076003
-0.193092
0.924784
0.179915
-0.854780
-0.512506
0.655367
0.767506
-0.356734
-0.906309
0.829930
0.161461
-0.767106
-0.459938
0.588146
0.688783
-0.320144
-0.813350
1.000000
-0.195788
-0.923334
0.557343
0.705092
-0.833440
-0.378737
0.981744
0.555242
-0.108710
-0.512674
0.309460
0.391497
-0.462761
-0.210291
0.545105
-0.383413
0.075068
0.354019
-0.213693
-0.270342
0.319552
0.145213
-0.376414
-0.981016
0.192071
0.905806
-0.546763
-0.691707
0.817618
0.371547
-0.963107
-0.705988
0.138224
0.651863
-0.393478
-0.497787
0.588399
0.267384
-0.693100
0.197028
-0.038576
-0.181922
0.109812
0.138923
-0.164211
-0.074622
0.193431
0.924784
-0.181062
-0.853885
0.515422
0.652058
-0.770752
-0.350250
0.907902
0.829930
-0.162490
-0.766303
0.462556
0.585177
-0.691697
-0.314325
0.814779
1.000000
-0.556293
-0.381077
0.980273
-0.709561
-0.190825
0.921871
-0.834835
0.555242
-0.308877
-0.211590
0.544288
-0.393978
-0.105954
0.511861
-0.463535
-0.383413
0.213290
0.146110
-0.375850
0.272055
0.073165
-0.353458
0.320087
-0.981016
0.545732
0.373842
-0.961663
0.696091
0.187203
-0.904370
0.818986
-0.705988
0.392736
0.269036
-0.692061
0.500942
0.134720
-0.650830
0.589384
0.197028
-0.109605
-0.075083
0.193141
-0.139803
-0.037598
0.181634
-0.164486
0.924784
-0.514451
-0.352414
0.906541
-0.656191
-0.176472
0.852532
-0.772042
0.829930
-0.461684
-0.316267
0.813558
-0.588886
-0.158372
0.765088
-0.692854
1.000000
-0.832040
0.384581
0.192066
-0.704195
0.979770
-0.926221
0.561536
0.555242
-0.461983
0.213535
0.106643
-0.390998
0.544009
-0.514276
0.311788
-0.383413
0.319015
-0.147454
-0.073641
0.269998
-0.375657
0.355126
-0.215300
-0.981016
0.816244
-0.377280
-0.188420
0.690826
-0.961170
0.908637
-0.550875
-0.705988
0.587410
-0.271510
-0.135597
0.497153
-0.691706
0.653901
-0.396437
0.197028
-0.163935
0.075773
0.037842
-0.138746
0.193042
-0.182491
0.110638
0.924784
-0.769457
0.355654
0.177620
-0.651228
0.906076
-0.856555
0.519299
0.829930
-0.690535
0.319175
0.159402
-0.584432
0.813140
-0.768698
0.466035
1.000000
-0.981016
0.924784
-0.833440
0.710452
-0.560489
0.389245
-0.203222
0.555242
-0.544701
0.513479
-0.462761
0.394472
-0.311207
0.216125
-0.112837
-0.383413
0.376135
-0.354575
0.319552
-0.272397
0.214899
-0.149242
0.077918
-0.981016
0.962392
-0.907228
0.817618
-0.696964
0.549848
-0.381856
0.199364
-0.705988
0.692586
-0.652887
0.588399
-0.501571
0.395699
-0.274802
0.143473
0.197028
-0.193287
0.182208
-0.164211
0.139979
-0.110432
0.076692
-0.040040
0.924784
-0.907228
0.855226
-0.770752
0.657015
-0.518331
0.359968
-0.187937
0.829930
-0.814174
0.767506
-0.691697
0.589625
-0.465166
0.323046
-0.168660
1.000000
0.980770
0.923819
0.831338
0.706883
0.555242
0.382245
0.194548
0.194548
0.190807
0.179727
0.161735
0.137523
0.108021
0.074365
0.037849
-0.924302
-0.906528
-0.853888
-0.768408
-0.653374
-0.513211
-0.353310
-0.179821
-0.554190
-0.543532
-0.511971
-0.460719
-0.391747
-0.307709
-0.211836
-0.107816
0.708670
0.695042
0.654683
0.589144
0.500947
0.393483
0.270886
0.137870
0.829930
0.813970
0.766705
0.689952
0.586663
0.460812
0.317237
0.161461
-0.385748
-0.378330
-0.356361
-0.320687
-0.272679
-0.214183
-0.147450
-0.075046
-0.980022
-0.961176
-0.905363
-0.814730
-0.692761
-0.544149
-0.374609
-0.190661
1.000000
0.831338
0.382245
-0.195788
-0.707777
-0.981016
-0.923334
-0.554190
0.194548
0.161735
0.074365
-0.038090
-0.137696
-0.190854
-0.179633
-0.107816
-0.924302
-0.768408
-0.353310
0.180967
0.654200
0.906755
0.853440
0.512239
-0.554190
-0.460719
-0.211836
0.108504
0.392243
0.543669
0.511702
0.307126
0.708670
0.589144
0.270886
-0.138749
-0.501580
-0.695216
-0.654339
-0.392737
0.829930
0.689952
0.317237
-0.162490
-0.587405
-0.814174
-0.766303
-0.459938
-0.385748
-0.320687
-0.147450
0.075525
0.273024
0.378425
0.356174
0.213777
-0.980022
-0.814730
-0.374609
0.191877
0.693637
0.961418
0.904888
0.543118
1.000000
0.555242
-0.383413
-0.981016
-0.705988
0.197028
0.924784
0.829930
0.194548
0.108021
-0.074592
-0.190854
-0.137348
0.038331
0.179915
0.161461
-0.924302
-0.513211
0.354390
0.906755
0.652547
-0.182113
-0.854780
-0.767106
-0.554190
-0.307709
0.212484
0.543669
0.391251
-0.109191
-0.512506
-0.459938
0.708670
0.393483
-0.271714
-0.695216
-0.500313
0.139628
0.655367
0.588146
0.829930
0.460812
-0.318206
-0.814174
-0.585921
0.163519
0.767506
0.688783
-0.385748
-0.214183
0.147901
0.378425
0.272334
-0.076003
-0.356734
-0.320144
-0.980022
-0.544149
0.375754
0.961418
0.691884
-0.193092
-0.906309
-0.813350
1.000000
0.194548
-0.924302
-0.554190
0.708670
0.829930
-0.385748
-0.980022
0.194548
0.037849
-0.179821
-0.107816
0.137870
0.161461
-0.075046
-0.190661
-0.924302
-0.179821
0.854335
0.512239
-0.655025
-0.767106
0.356548
0.905837
-0.554190
-0.107816
0.512239
0.307126
-0.392737
-0.459938
0.213777
0.543118
0.708670
0.137870
-0.655025
-0.392737
0.502213
0.588146
-0.273368
-0.694512
0.829930
0.161461
-0.767106
-0.459938
0.588146
0.688783
-0.320144
-0.813350
-0.385748
-0.075046
0.356548
0.213777
-0.273368
-0.320144
0.148801
0.378042
-0.980022
-0.190661
0.905837
0.543118
-0.694512
-0.813350
0.378042
0.960444
1.000000
-0.195788
-0.923334
0.557343
0.705092
-0.833440
-0.378737
0.981744
0.194548
-0.038090
-0.179633
0.108430
0.137174
-0.162144
-0.073682
0.190996
-0.924302
0.180967
0.853440
-0.515154
-0.651718
0.770351
0.350068
-0.907429
-0.554190
0.108504
0.511702
-0.308874
-0.390755
0.461884
0.209892
-0.544073
0.708670
-0.138749
-0.654339
0.394972
0.499677
-0.590634
-0.268400
0.695733
0.829930
-0.162490
-0.766303
0.462556
0.585177
-0.691697
-0.314325
0.814779
-0.385748
0.075525
0.356174
-0.214994
-0.271988
0.321498
0.146097
-0.378706
-0.980022
0.191877
0.904888
-0.546209
-0.691006
0.816790
0.371171
-0.962132
1.000000
-0.556293
-0.381077
0.980273
-0.709561
-0.190825
0.921871
-0.834835
0.194548
-0.108225
-0.074138
0.190710
-0.138044
-0.037125
0.179348
-0.162415
-0.924302
0.514183
0.352230
-0.906069
0.655849
0.176380
-0.852087
0.771640
-0.554190
0.308292
0.211189
-0.543257
0.393231
0.105753
-0.510891
0.462657
0.708670
-0.394228
-0.270057
0.694690
-0.502845
-0.135232
0.653302
-0.591622
0.829930
-0.461684
-0.316267
0.813558
-0.588886
-0.158372
0.765088
-0.692854
-0.385748
0.214589
0.146999
-0.378138
0.273712
0.073610
-0.355610
0.322036
-0.980022
0.545179
0.373464
-0.960690
0.695386
0.187013
-0.903454
0.818157
1.000000
-0.832040
0.384581
0.192066
-0.704195
0.979770
-0.926221
0.561536
0.194548
-0.161871
0.074819
0.037366
-0.137000
0.190612
-0.180194
0.109245
-0.924302
0.769056
-0.355469
-0.177527
0.650889
-0.905604
0.856108
-0.519029
-0.554190
0.461108
-0.213131
-0.106441
0.390257
-0.542978
0.513302
-0.311197
0.708670
-0.589642
0.272541
0.136112
-0.499042
0.694333
-0.656385
0.397943
0.829930
-0.690535
0.319175
0.159402
-0.584432
0.813140
-0.768698
0.466035
-0.385748
0.320958
-0.148351
-0.074089
0.271642
-0.377944
0.357288
-0.216611
-0.980022
0.815418
-0.376898
-0.188229
0.690127
-0.960197
0.907717
-0.550317
1.000000
-0.981016
0.924784
-0.833440
0.710452
-0.560489
0.389245
-0.203222
0.194548
-0.190854
0.179915
-0.162144
0.138217
-0.109042
0.075727
-0.039536
-0.924302
0.906755
-0.854780
0.770351
-0.656672
0.518061
-0.359780
0.187839
-0.554190
0.543669
-0.512506
0.461884
-0.393725
0.310617
-0.215716
0.112624
0.708670
-0.695216
0.655367
-0.590634
0.503476
-0.397201
0.275846
-0.144017
0.829930
-0.814174
0.767506
-0.691697
0.589625
-0.465166
0.323046
-0.168660
-0.385748
0.378425
-0.356734
0.321498
-0.274055
0.216207
-0.150150
0.078393
-0.980022
0.961418
-0.906309
0.816790
-0.696259
0.549292
-0.381469
0.199162
1.000000
0.980770
0.923819
0.831338
0.706883
0.555242
0.382245
0.194548
-0.195788
-0.192023
-0.180873
-0.162766
-0.138399
-0.108710
-0.074839
-0.038090
-0.923334
-0.905578
-0.852994
-0.767603
-0.652689
-0.512674
-0.352940
-0.179633
0.557343
0.546625
0.514884
0.463340
0.393977
0.309460
0.213042
0.108430
0.705092
0.691533
0.651377
0.586170
0.498418
0.391497
0.269518
0.137174
-0.833440
-0.817413
-0.769948
-0.692870
-0.589145
-0.462761
-0.318579
-0.162144
-0.378737
-0.371454
-0.349885
-0.314859
-0.267723
-0.210291
-0.144771
-0.073682
0.981744
0.962865
0.906954
0.816161
0.693979
0.545105
0.375267
0.190996
1.000000
0.831338
0.382245
-0.195788
-0.707777
-0.981016
-0.923334
-0.554190
-0.195788
-0.162766
-0.074839
0.038333
0.138574
0.192071
0.180778
0.108504
-0.923334
-0.767603
-0.352940
0.180778
0.653515
0.905806
0.852546
0.511702
0.557343
0.463340
0.213042
-0.109121
-0.394475
-0.546763
-0.514614
-0.308874
0.705092
0.586170
0.269518
-0.138048
-0.499048
-0.691707
-0.651036
-0.390755
-0.833440
-0.692870
-0.318579
0.163177
0.589890
0.817618
0.769544
0.461884
-0.378737
-0.314859
-0.144771
0.074152
0.268061
0.371547
0.349701
0.209892
0.981744
0.816161
0.375267
-0.192214
-0.694856
-0.963107
-0.906478
-0.544073
1.000000
0.555242
-0.383413
-0.981016
-0.705988
0.197028
0.924784
0.829930
-0.195788
-0.108710
0.075068
0.192071
0.138224
-0.038576
-0.181062
-0.162490
-0.923334
-0.512674
0.354019
0.905806
0.651863
-0.181922
-0.853885
-0.766303
0.557343
0.309460
-0.213693
-0.546763
-0.393478
0.109812
0.515422
0.462556
0.705092
0.391497
-0.270342
-0.691707
-0.497787
0.138923
0.652058
0.585177
-0.833440
-0.462761
0.319552
0.817618
0.588399
-0.164211
-0.770752
-0.691697
-0.378737
-0.210291
0.145213
0.371547
0.267384
-0.074622
-0.350250
-0.314325
0.981744
0.545105
-0.376414
-0.963107
-0.693100
0.193431
0.907902
0.814779
1.000000
0.194548
-0.924302
-0.554190
0.708670
0.829930
-0.385748
-0.980022
-0.195788
-0.038090
0.180967
0.108504
-0.138749
-0.162490
0.075525
0.191877
-0.923334
-0.179633
0.853440
0.511702
-0.654339
-0.766303
0.356174
0.904888
0.557343
0.108430
-0.515154
-0.308874
0.394972
0.462556
-0.214994
-0.546209
0.705092
0.137174
-0.651718
-0.390755
0.499677
0.585177
-0.271988
-0.691006
-0.833440
-0.162144
0.770351
0.461884
-0.590634
-0.691697
0.321498
0.816790
-0.378737
-0.073682
0.350068
0.209892
-0.268400
-0.314325
0.146097
0.371171
0.981744
0.190996
-0.907429
-0.544073
0.695733
0.814779
-0.378706
-0.962132
1.000000
-0.195788
-0.923334
0.557343
0.705092
-0.833440
-0.378737
0.981744
-0.195788
0.038333
0.180778
-0.109121
-0.138048
0.163177
0.074152
-0.192214
-0.923334
0.180778
0.852546
-0.514614
-0.651036
0.769544
0.349701
-0.906478
0.557343
-0.109121
-0.514614
0.310631
0.392978
-0.464512
-0.211087
0.547169
0.705092
-0.138048
-0.651036
0.392978
0.497155
-0.587652
-0.267045
0.692220
-0.833440
0.163177
0.769544
-0.464512
-0.587652
0.694623
0.315655
-0.818225
-0.378737
0.074152
0.349701
-0.211087
-0.267045
0.315655
0.143442
-0.371823
0.981744
-0.192214
-0.906478
0.547169
0.692220
-0.818225
-0.371823
0.963822
1.000000
-0.556293
-0.381077
0.980273
-0.709561
-0.190825
0.921871
-0.834835
-0.195788
0.108915
0.074610
-0.191926
0.138924
0.037361
-0.180491
0.163451
-0.923334
0.513644
0.351861
-0.905120
0.655162
0.176196
-0.851195
0.770832
0.557343
-0.310046
-0.212390
0.546349
-0.395469
-0.106355
0.513798
-0.465290
0.705092
-0.392238
-0.268694
0.691183
-0.500306
-0.134549
0.650004
-0.588636
-0.833440
0.463637
0.317605
-0.816999
0.591377
0.159041
-0.768324
0.695785
-0.378737
0.210689
0.144328
-0.371266
0.268737
0.072273
-0.349147
0.316183
0.981744
-0.546137
-0.374120
0.962378
-0.696608
-0.187342
0.905042
-0.819595
1.000000
-0.832040
0.384581
0.192066
-0.704195
0.979770
-0.926221
0.561536
-0.195788
0.162903
-0.075296
-0.037604
0.137873
-0.191827
0.181343
-0.109942
-0.923334
0.768251
-0.355097
-0.177342
0.650207
-0.904655
0.855211
-0.518485
0.557343
-0.463732
0.214344
0.107047
-0.392478
0.546068
-0.516223
0.312968
0.705092
-0.586665
0.271165
0.135425
-0.496522
0.690828
-0.653071
0.395934
-0.833440
0.693456
-0.320525
-0.160076
0.586904
-0.816580
0.771950
-0.468006
-0.378737
0.315124
-0.145655
-0.072743
0.266705
-0.371075
0.350794
-0.212674
0.981744
-0.816851
0.377560
0.188560
-0.691339
0.961884
-0.909312
0.551284
1.000000
-0.981016
0.924784
-0.833440
0.710452
-0.560489
0.389245
-0.203222
-0.195788
0.192071
-0.181062
0.163177
-0.139098
0.109737
-0.076209
0.039788
-0.923334
0.905806
-0.853885
0.769544
-0.655984
0.517519
-0.359403
0.187642
0.557343
-0.546763
0.515422
-0.464512
0.395965
-0.312385
0.216943
-0.113265
0.705092
-0.691707
0.652058
-0.587652
0.500934
-0.395196
0.274454
-0.143290
-0.833440
0.817618
-0.770752
0.694623
-0.592119
0.467134
-0.324412
0.169374
-0.378737
0.371547
-0.350250
0.315655
-0.269074
0.212278
-0.147422
0.076968
0.981744
-0.963107
0.907902
-0.818225
0.697482
-0.550257
0.382139
-0.199512
1.000000
0.980770
0.923819
0.831338
0.706883
0.555242
0.382245
0.194548
-0.556293
-0.545595
-0.513914
-0.462467
-0.393234
-0.308877
-0.212640
-0.108225
-0.381077
-0.373748
-0.352046
-0.316803
-0.269377
-0.211590
-0.145665
-0.074138
0.980273
0.961422
0.905595
0.814938
0.692939
0.544288
0.374705
0.190710
-0.709561
-0.695916
-0.655506
-0.589885
-0.501577
-0.393978
-0.271226
-0.138044
-0.190825
-0.187156
-0.176288
-0.158640
-0.134891
-0.105954
-0.072942
-0.037125
0.921871
0.904143
0.851642
0.766386
0.651655
0.511861
0.352381
0.179348
-0.834835
-0.818781
-0.771236
-0.694030
-0.590131
-0.463535
-0.319112
-0.162415
1.000000
0.831338
0.382245
-0.195788
-0.707777
-0.981016
-0.923334
-0.554190
-0.556293
-0.462467
-0.212640
0.108915
0.393731
0.545732
0.513644
0.308292
-0.381077
-0.316803
-0.145665
0.074610
0.269717
0.373842
0.351861
0.211189
0.980273
0.814938
0.374705
-0.191926
-0.693815
-0.961663
-0.905120
-0.543257
-0.709561
-0.589885
-0.271226
0.138924
0.502211
0.696091
0.655162
0.393231
-0.190825
-0.158640
-0.072942
0.037361
0.135062
0.187203
0.176196
0.105753
0.921871
0.766386
0.352381
-0.180491
-0.652479
-0.904370
-0.851195
-0.510891
-0.834835
-0.694030
-0.319112
0.163451
0.590877
0.818986
0.770832
0.462657
1.000000
0.555242
-0.383413
-0.981016
-0.705988
0.197028
0.924784
0.829930
-0.556293
-0.308877
0.213290
0.545732
0.392736
-0.109605
-0.514451
-0.461684
-0.381077
-0.211590
0.146110
0.373842
0.269036
-0.075083
-0.352414
-0.316267
0.980273
0.544288
-0.375850
-0.961663
-0.692061
0.193141
0.906541
0.813558
-0.709561
-0.393978
0.272055
0.696091
0.500942
-0.139803
-0.656191
-0.588886
-0.190825
-0.105954
0.073165
0.187203
0.134720
-0.037598
-0.176472
-0.158372
0.921871
0.511861
-0.353458
-0.904370
-0.650830
0.181634
0.852532
0.765088
-0.834835
-0.463535
0.320087
0.818986
0.589384
-0.164486
-0.772042
-0.692854
1.000000
0.194548
-0.924302
-0.554190
0.708670
0.829930
-0.385748
-0.980022
-0.556293
-0.108225
0.514183
0.308292
-0.394228
-0.461684
0.214589
0.545179
-0.381077
-0.074138
0.352230
0.211189
-0.270057
-0.316267
0.146999
0.373464
0.980273
0.190710
-0.906069
-0.543257
0.694690
0.813558
-0.378138
-0.960690
-0.709561
-0.138044
0.655849
0.393231
-0.502845
-0.588886
0.273712
0.695386
-0.190825
-0.037125
0.176380
0.105753
-0.135232
-0.158372
0.073610
0.187013
0.921871
0.179348
-0.852087
-0.510891
0.653302
0.765088
-0.355610
-0.903454
-0.834835
-0.162415
0.771640
0.462657
-0.591622
-0.692854
0.322036
0.818157
1.000000
-0.195788
-0.923334
0.557343
0.705092
-0.833440
-0.378737
0.981744
-0.556293
0.108915
0.513644
-0.310046
-0.392238
0.463637
0.210689
-0.546137
-0.381077
0.074610
0.351861
-0.212390
-0.268694
0.317605
0.144328
-0.374120
0.980273
-0.191926
-0.905120
0.546349
0.691183
-0.816999
-0.371266
0.962378
-0.709561
0.138924
0.655162
-0.395469
-0.500306
0.591377
0.268737
-0.696608
-0.190825
0.037361
0.176196
-0.106355
-0.134549
0.159041
0.072273
-0.187342
0.921871
-0.180491
-0.851195
0.513798
0.650004
-0.768324
-0.349147
0.905042
-0.834835
0.163451
0.770832
-0.465290
-0.588636
0.695785
0.316183
-0.819595
1.000000
-0.556293
-0.381077
0.980273
-0.709561
-0.190825
0.921871
-0.834835
-0.556293
0.309462
0.211990
-0.545319
0.394724
0.106155
-0.512830
0.464413
-0.381077
0.211990
0.145219
-0.373559
0.270397
0.072719
-0.351303
0.318136
0.980273
-0.545319
-0.373559
0.960935
-0.695564
-0.187061
0.903685
-0.818366
-0.709561
0.394724
0.270397
-0.695564
0.503477
0.135402
-0.654124
0.592367
-0.190825
0.106155
0.072719
-0.187061
0.135402
0.036414
-0.175916
0.159308
0.921871
-0.512830
-0.351303
0.903685
-0.654124
-0.175916
0.849846
-0.769610
-0.834835
0.464413
0.318136
-0.818366
0.592367
0.159308
-0.769610
0.696950
1.000000
-0.832040
0.384581
0.192066
-0.704195
0.979770
-0.926221
0.561536
-0.556293
0.462858
-0.213940
-0.106845
0.391739
-0.545039
0.515250
-0.312378
-0.381077
0.317071
-0.146555
-0.073192
0.268352
-0.373367
0.352961
-0.213988
0.980273
-0.815626
0.376994
0.188278
-0.690303
0.960442
-0.907950
0.550458
-0.709561
0.590383
-0.272884
-0.136283
0.499669
-0.695207
0.657211
-0.398444
-0.190825
0.158774
-0.073388
-0.036651
0.134378
-0.186965
0.176746
-0.107155
0.921871
-0.767033
0.354534
0.177060
-0.649177
0.903222
-0.853856
0.517663
-0.834835
0.694616
-0.321062
-0.160344
0.587887
-0.817946
0.773242
-0.468790
1.000000
-0.981016
0.924784
-0.833440
0.710452
-0.560489
0.389245
-0.203222
-0.556293
0.545732
-0.514451
0.463637
-0.395219
0.311796
-0.216534
0.113051
-0.381077
0.373842
-0.352414
0.317605
-0.270737
0.213589
-0.148332
0.077443
0.980273
-0.961663
0.906541
-0.816999
0.696437
-0.549432
0.381566
-0.199213
-0.709561
0.696091
-0.656191
0.591377
-0.504109
0.397701
-0.276193
0.144199
-0.190825
0.187203
-0.176472
0.159041
-0.135572
0.106955
-0.074278
0.038780
0.921871
-0.904370
0.852532
-0.768324
0.654945
-0.516698
0.358834
-0.187345
-0.834835
0.818986
-0.772042
0.695785
-0.593110
0.467916
-0.324955
0.169657
1.000000
0.980770
0.923819
0.831338
0.706883
0.555242
0.382245
0.194548
-0.832040
-0.816040
-0.768654
-0.691706
-0.588155
-0.461983
-0.318043
-0.161871
0.384581
0.377185
0.355283
0.319717
0.271854
0.213535
0.147004
0.074819
0.192066
0.188373
0.177435
0.159672
0.135769
0.106643
0.073416
0.037366
-0.704195
-0.690653
-0.650549
-0.585424
-0.497784
-0.390998
-0.269175
-0.137000
0.979770
0.960929
0.905130
0.814520
0.692583
0.544009
0.374513
0.190612
-0.926221
-0.908410
-0.855660
-0.770003
-0.654730
-0.514276
-0.354044
-0.180194
0.561536
0.550737
0.518757
0.466826
0.396940
0.311788
0.214644
0.109245
1.000000
0.831338
0.382245
-0.195788
-0.707777
-0.981016
-0.923334
-0.554190
-0.832040
-0.691706
-0.318043
0.162903
0.588899
0.816244
0.768251
0.461108
0.384581
0.319717
0.147004
-0.075296
-0.272198
-0.377280
-0.355097
-0.213131
0.192066
0.159672
0.073416
-0.037604
-0.135940
-0.188420
-0.177342
-0.106441
-0.704195
-0.585424
-0.269175
0.137873
0.498413
0.690826
0.650207
0.390257
0.979770
0.814520
0.374513
-0.191827
-0.693459
-0.961170
-0.904655
-0.542978
-0.926221
-0.770003
-0.354044
0.181343
0.655558
0.908637
0.855211
0.513302
0.561536
0.466826
0.214644
-0.109942
-0.397442
-0.550875
-0.518485
-0.311197
1.000000
0.555242
-0.383413
-0.981016
-0.705988
0.197028
0.924784
0.829930
-0.832040
-0.461983
0.319015
0.816244
0.587410
-0.163935
-0.769457
-0.690535
0.384581
0.213535
-0.147454
-0.377280
-0.271510
0.075773
0.355654
0.319175
0.192066
0.106643
-0.073641
-0.188420
-0.135597
0.037842
0.177620
0.159402
-0.704195
-0.390998
0.269998
0.690826
0.497153
-0.138746
-0.651228
-0.584432
0.979770
0.544009
-0.375657
-0.961170
-0.691706
0.193042
0.906076
0.813140
-0.926221
-0.514276
0.355126
0.908637
0.653901
-0.182491
-0.856555
-0.768698
0.561536
0.311788
-0.215300
-0.550875
-0.396437
0.110638
0.519299
0.466035
1.000000
0.194548
-0.924302
-0.554190
0.708670
0.829930
-0.385748
-0.980022
-0.832040
-0.161871
0.769056
0.461108
-0.589642
-0.690535
0.320958
0.815418
0.384581
0.074819
-0.355469
-0.213131
0.272541
0.319175
-0.148351
-0.376898
0.192066
0.037366
-0.177527
-0.106441
0.136112
0.159402
-0.074089
-0.188229
-0.704195
-0.137000
0.650889
0.390257
-0.499042
-0.584432
0.271642
0.690127
0.979770
0.190612
-0.905604
-0.542978
0.694333
0.813140
-0.377944
-0.960197
-0.926221
-0.180194
0.856108
0.513302
-0.656385
-0.768698
0.357288
0.907717
0.561536
0.109245
-0.519029
-0.311197
0.397943
0.466035
-0.216611
-0.550317
1.000000
-0.195788
-0.923334
0.557343
0.705092
-0.833440
-0.378737
0.981744
-0.832040
0.162903
0.768251
-0.463732
-0.586665
0.693456
0.315124
-0.816851
0.384581
-0.075296
-0.355097
0.214344
0.271165
-0.320525
-0.145655
0.377560
0.192066
-0.037604
-0.177342
0.107047
0.135425
-0.160076
-0.072743
0.188560
-0.704195
0.137873
0.650207
-0.392478
-0.496522
0.586904
0.266705
-0.691339
0.979770
-0.191827
-0.904655
0.546068
0.690828
-0.816580
-0.371075
0.961884
-0.926221
0.181343
0.855211
-0.516223
-0.653071
0.771950
0.350794
-0.909312
0.561536
-0.109942
-0.518485
0.312968
0.395934
-0.468006
-0.212674
0.551284
1.000000
-0.556293
-0.381077
0.980273
-0.709561
-0.190825
0.921871
-0.834835
-0.832040
0.462858
0.317071
-0.815626
0.590383
0.158774
-0.767033
0.694616
0.384581
-0.213940
-0.146555
0.376994
-0.272884
-0.073388
0.354534
-0.321062
0.192066
-0.106845
-0.073192
0.188278
-0.136283
-0.036651
0.177060
-0.160344
-0.704195
0.391739
0.268352
-0.690303
0.499669
0.134378
-0.649177
0.587887
0.979770
-0.545039
-0.373367
0.960442
-0.695207
-0.186965
0.903222
-0.817946
-0.926221
0.515250
0.352961
-0.907950
0.657211
0.176746
-0.853856
0.773242
0.561536
-0.312378
-0.213988
0.550458
-0.398444
-0.107155
0.517663
-0.468790
1.000000
-0.832040
0.384581
0.192066
-0.704195
0.979770
-0.926221
0.561536
-0.832040
0.692290
-0.319987
-0.159807
0.585918
-0.815208
0.770653
-0.467220
0.384581
-0.319987
0.147903
0.073865
-0.270820
0.376801
-0.356207
0.215956
0.192066
-0.159807
0.073865
0.036890
-0.135252
0.188181
-0.177896
0.107852
-0.704195
0.585918
-0.270820
-0.135252
0.495890
-0.689949
0.652240
-0.395430
0.979770
-0.815208
0.376801
0.188181
-0.689949
0.959950
-0.907484
0.550176
-0.926221
0.770653
-0.356207
-0.177896
0.652240
-0.907484
0.857885
-0.520106
0.561536
-0.467220
0.215956
0.107852
-0.395430
0.550176
-0.520106
0.315322
1.000000
-0.981016
0.924784
-0.833440
0.710452
-0.560489
0.389245
-0.203222
-0.832040
0.816244
-0.769457
0.693456
-0.591124
0.466349
-0.323867
0.169089
0.384581
-0.377280
0.355654
-0.320525
0.273226
-0.215553
0.149696
-0.078155
0.192066
-0.188420
0.177620
-0.160076
0.136454
-0.107651
0.074761
-0.039032
-0.704195
0.690826
-0.651228
0.586904
-0.500297
0.394693
-0.274104
0.143108
0.979770
-0.961170
0.906076
-0.816580
0.696079
-0.549150
0.381371
-0.199111
-0.926221
0.908637
-0.856555
0.771950
-0.658035
0.519136
-0.360527
0.188229
0.561536
-0.550875
0.519299
-0.468006
0.398944
-0.314734
0.218575
-0.114117
1.000000
0.980770
0.923819
0.831338
0.706883
0.555242
0.382245
0.194548
-0.981016
-0.962151
-0.906281
-0.815556
-0.693464
-0.544701
-0.374989
-0.190854
0.924784
0.907001
0.854333
0.768808
0.653714
0.513479
0.353494
0.179915
-0.833440
-0.817413
-0.769948
-0.692870
-0.589145
-0.462761
-0.318579
-0.162144
0.710452
0.696790
0.656329
0.590625
0.502206
0.394472
0.271567
0.138217
-0.560489
-0.549711
-0.517790
-0.465956
-0.396200
-0.311207
-0.214244
-0.109042
0.389245
0.381760
0.359592
0.323594
0.275151
0.216125
0.148787
0.075727
-0.203222
-0.199314
-0.187741
-0.168946
-0.143654
-0.112837
-0.077681
-0.039536
1.000000
0.831338
0.382245
-0.195788
-0.707777
-0.981016
-0.923334
-0.554190
-0.981016
-0.815556
-0.374989
0.192071
0.694341
0.962392
0.905806
0.543669
0.924784
0.768808
0.353494
-0.181062
-0.654541
-0.907228
-0.853885
-0.512506
-0.833440
-0.692870
-0.318579
0.163177
0.589890
0.817618
0.769544
0.461884
0.710452
0.590625
0.271567
-0.139098
-0.502841
-0.696964
-0.655984
-0.393725
-0.560489
-0.465956
-0.214244
0.109737
0.396701
0.549848
0.517519
0.310617
0.389245
0.323594
0.148787
-0.076209
-0.275499
-0.381856
-0.359403
-0.215716
-0.203222
-0.168946
-0.077681
0.039788
0.143836
0.199364
0.187642
0.112624
1.000000
0.555242
-0.383413
-0.981016
-0.705988
0.197028
0.924784
0.829930
-0.981016
-0.544701
0.376135
0.962392
0.692586
-0.193287
-0.907228
-0.814174
0.924784
0.513479
-0.354575
-0.907228
-0.652887
0.182208
0.855226
0.767506
-0.833440
-0.462761
0.319552
0.817618
0.588399
-0.164211
-0.770752
-0.691697
0.710452
0.394472
-0.272397
-0.696964
-0.501571
0.139979
0.657015
0.589625
-0.560489
-0.311207
0.214899
0.549848
0.395699
-0.110432
-0.518331
-0.465166
0.389245
0.216125
-0.149242
-0.381856
-0.274802
0.076692
0.359968
0.323046
-0.203222
-0.112837
0.077918
0.199364
0.143473
-0.040040
-0.187937
-0.168660
1.000000
0.194548
-0.924302
-0.554190
0.708670
0.829930
-0.385748
-0.980022
-0.981016
-0.190854
0.906755
0.543669
-0.695216
-0.814174
0.378425
0.961418
0.924784
0.179915
-0.854780
-0.512506
0.655367
0.767506
-0.356734
-0.906309
-0.833440
-0.162144
0.770351
0.461884
-0.590634
-0.691697
0.321498
0.816790
0.710452
0.138217
-0.656672
-0.393725
0.503476
0.589625
-0.274055
-0.696259
-0.560489
-0.109042
0.518061
0.310617
-0.397201
-0.465166
0.216207
0.549292
0.389245
0.075727
-0.359780
-0.215716
0.275846
0.323046
-0.150150
-0.381469
-0.203222
-0.039536
0.187839
0.112624
-0.144017
-0.168660
0.078393
0.199162
1.000000
-0.195788
-0.923334
0.557343
0.705092
-0.833440
-0.378737
0.981744
-0.981016
0.192071
0.905806
-0.546763
-0.691707
0.817618
0.371547
-0.963107
0.924784
-0.181062
-0.853885
0.515422
0.652058
-0.770752
-0.350250
0.907902
-0.833440
0.163177
0.769544
-0.464512
-0.587652
0.694623
0.315655
-0.818225
0.710452
-0.139098
-0.655984
0.395965
0.500934
-0.592119
-0.269074
0.697482
-0.560489
0.109737
0.517519
-0.312385
-0.395196
0.467134
0.212278
-0.550257
0.389245
-0.076209
-0.359403
0.216943
0.274454
-0.324412
-0.147422
0.382139
-0.203222
0.039788
0.187642
-0.113265
-0.143290
0.169374
0.076968
-0.199512
1.000000
-0.556293
-0.381077
0.980273
-0.709561
-0.190825
0.921871
-0.834835
-0.981016
0.545732
0.373842
-0.961663
0.696091
0.187203
-0.904370
0.818986
0.924784
-0.514451
-0.352414
0.906541
-0.656191
-0.176472
0.852532
-0.772042
-0.833440
0.463637
0.317605
-0.816999
0.591377
0.159041
-0.768324
0.695785
0.710452
-0.395219
-0.270737
0.696437
-0.504109
-0.135572
0.654945
-0.593110
-0.560489
0.311796
0.213589
-0.549432
0.397701
0.106955
-0.516698
0.467916
0.389245
-0.216534
-0.148332
0.381566
-0.276193
-0.074278
0.358834
-0.324955
-0.203222
0.113051
0.077443
-0.199213
0.144199
0.038780
-0.187345
0.169657
1.000000
-0.832040
0.384581
0.192066
-0.704195
0.979770
-0.926221
0.561536
-0.981016
0.816244
-0.377280
-0.188420
0.690826
-0.961170
0.908637
-0.550875
0.924784
-0.769457
0.355654
0.177620
-0.651228
0.906076
-0.856555
0.519299
-0.833440
0.693456
-0.320525
-0.160076
0.586904
-0.816580
0.771950
-0.468006
0.710452
-0.591124
0.273226
0.136454
-0.500297
0.696079
-0.658035
0.398944
-0.560489
0.466349
-0.215553
-0.107651
0.394693
-0.549150
0.519136
-0.314734
0.389245
-0.323867
0.149696
0.074761
-0.274104
0.381371
-0.360527
0.218575
-0.203222
0.169089
-0.078155
-0.039032
0.143108
-0.199111
0.188229
-0.114117
1.000000
-0.981016
0.924784
-0.833440
0.710452
-0.560489
0.389245
-0.203222
-0.981016
0.962392
-0.907228
0.817618
-0.696964
0.549848
-0.381856
0.199364
0.924784
-0.907228
0.855226
-0.770752
0.657015
-0.518331
0.359968
-0.187937
-0.833440
0.817618
-0.770752
0.694623
-0.592119
0.467134
-0.324412
0.169374
0.710452
-0.696964
0.657015
-0.592119
0.504742
-0.398200
0.276540
-0.144380
-0.560489
0.549848
-0.518331
0.467134
-0.398200
0.314148
-0.218167
0.113904
0.389245
-0.381856
0.359968
-0.324412
0.276540
-0.218167
0.151512
-0.079103
-0.203222
0.199364
-0.187937
0.169374
-0.144380
0.113904
-0.079103
0.041299
